Point_1
step		t		θr		x		y
		(s)		(°)		(m)		(m)
1.060000000E2	3.536902000E0	2.650769918E1	2.170782122E2	1.082676279E2
1.070000000E2	3.570269000E0	2.577970440E1	2.186484873E2	1.056032744E2
1.080000000E2	3.603636000E0	2.492242981E1	2.203913854E2	1.024071616E2
1.090000000E2	3.637003000E0	2.374590032E1	2.222999610E2	9.779533865E1
1.100000000E2	3.670370000E0	2.211900343E1	2.249018066E2	9.141005825E1
1.110000000E2	3.703737000E0	2.018956934E1	2.278475089E2	8.378446885E1
1.120000000E2	3.737104000E0	1.797226503E1	2.309602778E2	7.491995953E1
1.130000000E2	3.770471000E0	1.531298622E1	2.347663167E2	6.428199271E1
1.140000000E2	3.803838000E0	1.263580339E1	2.369770772E2	5.312615711E1
1.150000000E2	3.837205000E0	9.792149805E0	2.400676211E2	4.143300582E1
1.160000000E2	3.870572000E0	6.721970368E0	2.419109108E2	2.851204711E1
1.170000000E2	3.903939000E0	3.425538632E0	2.428619154E2	1.453729300E1
1.180000000E2	3.937306000E0	-7.498940634E-2	2.434523944E2	-3.186336081E-1
1.190000000E2	3.970673000E0	-3.122164952E0	2.422902520E2	-1.321597821E1
1.200000000E2	4.004040000E0	-6.089508165E0	2.414844679E2	-2.576252069E1
1.210000000E2	4.037407000E0	-9.192472423E0	2.399673561E2	-3.883387729E1
1.220000000E2	4.070774000E0	-1.205424693E1	2.372224369E2	-5.065797957E1
1.230000000E2	4.104141000E0	-1.482985234E1	2.346570860E2	-6.212989067E1
1.240000000E2	4.137508000E0	-1.720868887E1	2.319288356E2	-7.183251147E1
1.250000000E2	4.170875000E0	-1.941130577E1	2.293829315E2	-8.082936085E1
1.260000000E2	4.204242000E0	-2.140592080E1	2.261234597E2	-8.864377171E1
1.270000000E2	4.237609000E0	-2.292757202E1	2.239090638E2	-9.470989400E1
1.280000000E2	4.270976000E0	-2.432349297E1	2.212839067E2	-1.000227657E2
1.290000000E2	4.304343000E0	-2.511445196E1	2.197603823E2	-1.030108878E2
1.300000000E2	4.337710000E0	-2.560144887E1	2.193273600E2	-1.050908831E2
1.310000000E2	4.371077000E0	-2.567778145E1	2.187433899E2	-1.051696307E2
1.320000000E2	4.404444000E0	-2.518592238E1	2.197577634E2	-1.033442108E2
1.330000000E2	4.437811000E0	-2.455303356E1	2.209433815E2	-1.009367851E2
1.340000000E2	4.471178000E0	-2.353355928E1	2.228074311E2	-9.703464367E1
1.350000000E2	4.504545000E0	-2.199732614E1	2.251884886E2	-9.096983087E1
1.360000000E2	4.537912000E0	-2.030415625E1	2.279074522E2	-8.432432170E1
1.370000000E2	4.571279000E0	-1.824074421E1	2.306395107E2	-7.601219731E1
1.380000000E2	4.604646000E0	-1.572571032E1	2.336366206E2	-6.578542964E1
1.390000000E2	4.638013000E0	-1.307254670E1	2.363889761E2	-5.489005165E1
1.400000000E2	4.671380000E0	-1.025665397E1	2.389805627E2	-4.324338733E1
1.410000000E2	4.704747000E0	-7.475739923E0	2.407388417E2	-3.159017560E1
1.420000000E2	4.738114000E0	-4.178959230E0	2.420148142E2	-1.768310486E1
1.430000000E2	4.771481000E0	-1.112857295E0	2.431611417E2	-4.723518671E0
1.440000000E2	4.804848000E0	2.077324926E0	2.432675850E2	8.823815053E0
1.450000000E2	4.838215000E0	5.156086808E0	2.427402066E2	2.190351822E1
1.460000000E2	4.871582000E0	8.232756274E0	2.400257689E2	3.472832664E1
1.470000000E2	4.904949000E0	1.112036183E1	2.383348886E2	4.684741213E1
1.480000000E2	4.938316000E0	1.369843358E1	2.358385404E2	5.748440827E1
1.490000000E2	4.971683000E0	1.621172015E1	2.329421868E2	6.772763583E1
1.500000000E2	5.005050000E0	1.848680323E1	2.302364807E2	7.697708675E1
1.510000000E2	5.038417000E0	2.011787753E1	2.278066110E2	8.344599006E1
1.520000000E2	5.071784000E0	2.193323001E1	2.247860885E2	9.051490143E1
1.530000000E2	5.105151000E0	2.332484105E1	2.228453112E2	9.608691105E1
1.540000000E2	5.138518000E0	2.433115287E1	2.210897242E2	9.997059183E1
1.550000000E2	5.171885000E0	2.494968631E1	2.200169954E2	1.023604893E2
1.560000000E2	5.205252000E0	2.525460030E1	2.197294649E2	1.036527107E2
1.570000000E2	5.238619000E0	2.511784708E1	2.198240091E2	1.030566007E2
1.580000000E2	5.271986000E0	2.445865784E1	2.210944018E2	1.005659223E2
1.590000000E2	5.305353000E0	2.362929143E1	2.223585577E2	9.728146997E1
1.600000000E2	5.338720000E0	2.239297464E1	2.245040153E2	9.250167510E1
1.610000000E2	5.372087000E0	2.073188270E1	2.270323271E2	8.593277044E1
1.620000000E2	5.405454000E0	1.888689116E1	2.296536238E2	7.856931225E1
1.630000000E2	5.438821000E0	1.676821045E1	2.323647871E2	7.001441353E1
1.640000000E2	5.472188000E0	1.434571876E1	2.352642591E2	6.016807294E1
1.650000000E2	5.505555000E0	1.181348766E1	2.377621665E2	4.972952029E1
1.660000000E2	5.538922000E0	8.970123966E0	2.397009569E2	3.783678855E1
1.670000000E2	5.572289000E0	6.046143307E0	2.414379867E2	2.557276235E1
1.680000000E2	5.605656000E0	3.106862907E0	2.422570686E2	1.314927677E1
1.690000000E2	5.639023000E0	-8.326539162E-2	2.424009927E2	-3.522707601E-1
1.700000000E2	5.672390000E0	-3.036157449E0	2.423027815E2	-1.285188494E1
1.710000000E2	5.705757000E0	-6.190066346E0	2.413647153E2	-2.617825931E1
1.720000000E2	5.739124000E0	-9.028492627E0	2.392436186E2	-3.801443427E1
1.730000000E2	5.772491000E0	-1.172613277E1	2.372620291E2	-4.924747170E1
1.740000000E2	5.805858000E0	-1.432045805E1	2.351725743E2	-6.003417223E1
1.750000000E2	5.839225000E0	-1.667152142E1	2.327577731E2	-6.970459300E1
1.760000000E2	5.872592000E0	-1.876487611E1	2.300185007E2	-7.814736854E1
1.770000000E2	5.905959000E0	-2.059421988E1	2.271774880E2	-8.536424886E1
1.780000000E2	5.939326000E0	-2.203983598E1	2.251274088E2	-9.113950315E1
1.790000000E2	5.972693000E0	-2.313327453E1	2.232009452E2	-9.535651585E1
1.800000000E2	6.006060000E0	-2.393415777E1	2.218400592E2	-9.846424890E1
1.810000000E2	6.039427000E0	-2.434796248E1	2.212701066E2	-1.001303559E2
1.820000000E2	6.072794000E0	-2.437197865E1	2.212692316E2	-1.002417214E2
1.830000000E2	6.106161000E0	-2.400645673E1	2.218374341E2	-9.879834531E1
1.840000000E2	6.139528000E0	-2.330665562E1	2.234166761E2	-9.624918966E1
1.850000000E2	6.172895000E0	-2.217159457E1	2.250116683E2	-9.169545550E1
1.860000000E2	6.206262000E0	-2.076682141E1	2.271713629E2	-8.614380717E1
1.870000000E2	6.239629000E0	-1.898915936E1	2.296774042E2	-7.903566727E1
1.880000000E2	6.272996000E0	-1.701102561E1	2.321904456E2	-7.103660360E1
1.890000000E2	6.306363000E0	-1.447987884E1	2.355005456E2	-6.081635558E1
1.900000000E2	6.339730000E0	-1.199467552E1	2.370305481E2	-5.035937639E1
1.910000000E2	6.373097000E0	-9.436549673E0	2.394523493E2	-3.979803185E1
1.920000000E2	6.406464000E0	-6.564840474E0	2.414400639E2	-2.778543611E1
1.930000000E2	6.439831000E0	-3.725215655E0	2.420913927E2	-1.576234021E1
1.940000000E2	6.473198000E0	-5.934001520E-1	2.427523468E2	-2.514224107E0
1.950000000E2	6.506565000E0	2.303367764E0	2.421804055E2	9.741227899E0
1.960000000E2	6.539932000E0	5.249138903E0	2.418329452E2	2.221766082E1
1.970000000E2	6.573299000E0	8.249035001E0	2.401499742E2	3.481595938E1
1.980000000E2	6.606666000E0	1.071155391E1	2.382216341E2	4.506220035E1
1.990000000E2	6.640033000E0	1.335766154E1	2.362245130E2	5.609218546E1
2.000000000E2	6.673400000E0	1.568034466E1	2.338188109E2	6.563696282E1
2.010000000E2	6.706767000E0	1.788697948E1	2.311107660E2	7.458874852E1
2.020000000E2	6.740134000E0	1.974525795E1	2.285894706E2	8.205064886E1
2.030000000E2	6.773501000E0	2.119731531E1	2.264518090E2	8.782266117E1
2.040000000E2	6.806868000E0	2.245767587E1	2.245063541E2	9.279934033E1
2.050000000E2	6.840235000E0	2.327511682E1	2.231421968E2	9.598535051E1
2.060000000E2	6.873602000E0	2.386204545E1	2.221679102E2	9.827524660E1
2.070000000E2	6.906969000E0	2.398793658E1	2.219733647E2	9.877291452E1
2.080000000E2	6.940336000E0	2.373395597E1	2.221632326E2	9.767991614E1
2.090000000E2	6.973703000E0	2.317996790E1	2.232383002E2	9.558768393E1
2.100000000E2	7.007070000E0	2.234417647E1	2.248009009E2	9.240011455E1
2.110000000E2	7.040437000E0	2.100982177E1	2.263455708E2	8.693044507E1
2.120000000E2	7.073804000E0	1.959132195E1	2.285840134E2	8.135609666E1
2.130000000E2	7.107171000E0	1.768675481E1	2.311037496E2	7.369575283E1
2.140000000E2	7.140538000E0	1.553242528E1	2.340125768E2	6.504007316E1
2.150000000E2	7.173905000E0	1.325556970E1	2.364198380E2	5.569373929E1
2.160000000E2	7.207272000E0	1.074390326E1	2.385208585E2	4.525830504E1
2.170000000E2	7.240639000E0	8.271987678E0	2.402257716E2	3.492521093E1
2.180000000E2	7.274006000E0	5.248144761E0	2.418127525E2	2.221157457E1
2.190000000E2	7.307373000E0	2.312472470E0	2.427075201E2	9.801060634E0
2.200000000E2	7.340740000E0	-5.440217620E-1	2.428108524E2	-2.305551276E0
2.210000000E2	7.374107000E0	-3.373254376E0	2.420416586E2	-1.426654365E1
2.220000000E2	7.407474000E0	-6.274313510E0	2.411121040E2	-2.650961813E1
2.230000000E2	7.440841000E0	-8.994753591E0	2.395224507E2	-3.791414706E1
2.240000000E2	7.474208000E0	-1.175666903E1	2.377648264E2	-4.948402804E1
2.250000000E2	7.507575000E0	-1.416540176E1	2.352703201E2	-5.938140112E1
2.260000000E2	7.540942000E0	-1.629036963E1	2.327856349E2	-6.802881278E1
2.270000000E2	7.574309000E0	-1.829625159E1	2.303882090E2	-7.617689461E1
2.280000000E2	7.607676000E0	-1.973944778E1	2.285091003E2	-8.199564358E1
2.290000000E2	7.641043000E0	-2.124935532E1	2.264613659E2	-8.806307535E1
2.300000000E2	7.674410000E0	-2.215426687E1	2.248505823E2	-9.155052723E1
2.310000000E2	7.707777000E0	-2.295764420E1	2.235757407E2	-9.470727503E1
2.320000000E2	7.741144000E0	-2.321036257E1	2.229852232E2	-9.561933022E1
2.330000000E2	7.774511000E0	-2.302721546E1	2.234071150E2	-9.495595784E1
2.340000000E2	7.807878000E0	-2.274258433E1	2.237496044E2	-9.379194614E1
2.350000000E2	7.841245000E0	-2.188753042E1	2.251924170E2	-9.046984630E1
2.360000000E2	7.874612000E0	-2.083304542E1	2.270577761E2	-8.640104332E1
2.370000000E2	7.907979000E0	-1.936578201E1	2.292702078E2	-8.058491331E1
2.380000000E2	7.941346000E0	-1.774467283E1	2.315712082E2	-7.410279196E1
2.390000000E2	7.974713000E0	-1.570673230E1	2.336372753E2	-6.570209888E1
2.400000000E2	8.008080000E0	-1.347365970E1	2.360425582E2	-5.655404791E1
2.410000000E2	8.041447000E0	-1.111908725E1	2.377864329E2	-4.673411292E1
2.420000000E2	8.074814000E0	-8.435125337E0	2.399574373E2	-3.558415946E1
2.430000000E2	8.108181000E0	-5.641653551E0	2.413830480E2	-2.384499800E1
2.440000000E2	8.141548000E0	-2.956661627E0	2.423887312E2	-1.251921663E1
2.450000000E2	8.174915000E0	-2.801793968E-1	2.423111145E2	-1.184923630E0
2.460000000E2	8.208282000E0	2.518262488E0	2.421540956E2	1.065000868E1
2.470000000E2	8.241649000E0	5.437688568E0	2.415010204E2	2.298885401E1
2.480000000E2	8.275016000E0	8.277493967E0	2.400113640E2	3.491759294E1
2.490000000E2	8.308383000E0	1.086122943E1	2.380958874E2	4.568297493E1
2.500000000E2	8.341750000E0	1.322651895E1	2.359225616E2	5.545035201E1
2.510000000E2	8.375117000E0	1.531250312E1	2.341461622E2	6.411006432E1
2.520000000E2	8.408484000E0	1.728563910E1	2.316452133E2	7.208576130E1
2.530000000E2	8.441851000E0	1.899517065E1	2.294895103E2	7.899793941E1
2.540000000E2	8.475218000E0	2.036041041E1	2.276762750E2	8.449301841E1
2.550000000E2	8.508585000E0	2.147983249E1	2.257656157E2	8.883965614E1
2.560000000E2	8.541952000E0	2.230519347E1	2.245537826E2	9.211999687E1
2.570000000E2	8.575319000E0	2.277373356E1	2.238612073E2	9.398184942E1
2.580000000E2	8.608686000E0	2.277644996E1	2.240386919E2	9.406885542E1
2.590000000E2	8.642053000E0	2.258750019E1	2.242092312E2	9.327191080E1
2.600000000E2	8.675420000E0	2.189774499E1	2.254259261E2	9.061033550E1
2.610000000E2	8.708787000E0	2.111954910E1	2.265507533E2	8.750747942E1
2.620000000E2	8.742154000E0	1.975474498E1	2.283639886E2	8.201240042E1
2.630000000E2	8.775521000E0	1.828232337E1	2.305280260E2	7.616096305E1
2.640000000E2	8.808888000E0	1.640347226E1	2.331208426E2	6.862654684E1
2.650000000E2	8.842255000E0	1.433128364E1	2.349981643E2	6.003694616E1
2.660000000E2	8.875622000E0	1.211091616E1	2.373871592E2	5.093870556E1
2.670000000E2	8.908989000E0	9.653668749E0	2.400578507E2	4.083407699E1
2.680000000E2	8.942356000E0	7.139136214E0	2.408073514E2	3.016119214E1
2.690000000E2	8.975723000E0	4.365345367E0	2.421323105E2	1.848375497E1
2.700000000E2	9.009090000E0	1.628097662E0	2.426246168E2	6.896195979E0
2.710000000E2	9.042457000E0	-1.263948286E0	2.426950313E2	-5.354735396E0
2.720000000E2	9.075824000E0	-4.079529489E0	2.421014187E2	-1.726710580E1
2.730000000E2	9.109191000E0	-6.630806660E0	2.409336571E2	-2.800826235E1
2.740000000E2	9.142558000E0	-9.250709027E0	2.394306083E2	-3.899679222E1
2.750000000E2	9.175925000E0	-1.167953406E1	2.377674454E2	-4.915070499E1
2.760000000E2	9.209292000E0	-1.381682298E1	2.353975840E2	-5.789248397E1
2.770000000E2	9.242659000E0	-1.588761136E1	2.334739181E2	-6.645221977E1
2.780000000E2	9.276026000E0	-1.762432160E1	2.313852691E2	-7.350785045E1
2.790000000E2	9.309393000E0	-1.912203635E1	2.293049545E2	-7.950274039E1
2.800000000E2	9.342760000E0	-2.037730626E1	2.273213693E2	-8.443758413E1
2.810000000E2	9.376127000E0	-2.120564513E1	2.264987270E2	-8.787874074E1
2.820000000E2	9.409494000E0	-2.177454503E1	2.255090180E2	-9.008097742E1
2.830000000E2	9.442861000E0	-2.197568080E1	2.249730914E2	-9.078397072E1
2.840000000E2	9.476228000E0	-2.179397155E1	2.255083235E2	-9.016937248E1
2.850000000E2	9.509595000E0	-2.143762141E1	2.260498063E2	-8.875921869E1
2.860000000E2	9.542962000E0	-2.063416854E1	2.270478497E2	-8.549624127E1
2.870000000E2	9.576329000E0	-1.954528289E1	2.284085023E2	-8.108690617E1
2.880000000E2	9.609696000E0	-1.820451726E1	2.304832606E2	-7.579917672E1
2.890000000E2	9.643063000E0	-1.640349185E1	2.329268789E2	-6.856953405E1
2.900000000E2	9.676430000E0	-1.430867922E1	2.352925202E2	-6.001327092E1
2.910000000E2	9.709797000E0	-1.223394053E1	2.373045812E2	-5.145422966E1
2.920000000E2	9.743164000E0	-9.862314806E0	2.391603191E2	-4.157808159E1
2.930000000E2	9.776531000E0	-7.421955760E0	2.405741444E2	-3.133887383E1
2.940000000E2	9.809898000E0	-4.773512158E0	2.416618489E2	-2.018040873E1
2.950000000E2	9.843265000E0	-2.090285257E0	2.425842014E2	-8.853972624E0
2.960000000E2	9.876632000E0	4.866010122E-1	2.427533033E2	2.061702348E0
2.970000000E2	9.909999000E0	3.303241627E0	2.422636160E2	1.398258439E1
2.980000000E2	9.943366000E0	5.891951367E0	2.413494180E2	2.490677100E1
2.990000000E2	9.976733000E0	8.419720292E0	2.398492857E2	3.550221776E1
3.000000000E2	1.001010000E1	1.076098135E1	2.385932530E2	4.534572344E1
3.010000000E2	1.004346700E1	1.311755989E1	2.365032579E2	5.511244577E1
3.020000000E2	1.007683400E1	1.500083072E1	2.346475414E2	6.287726562E1
3.030000000E2	1.011020100E1	1.682686372E1	2.321679028E2	7.021441621E1
3.040000000E2	1.014356800E1	1.840518105E1	2.304325854E2	7.667786233E1
3.050000000E2	1.017693500E1	1.964124015E1	2.287847957E2	8.165220269E1
3.060000000E2	1.021030200E1	2.060239202E1	2.275253174E2	8.553198547E1
3.070000000E2	1.024366900E1	2.131468557E1	2.263564852E2	8.831954948E1
3.080000000E2	1.027703600E1	2.158424468E1	2.257689508E2	8.931644451E1
3.090000000E2	1.031040300E1	2.159715840E1	2.258689521E2	8.941488666E1
3.100000000E2	1.034377000E1	2.121042964E1	2.265518103E2	8.792110331E1
3.110000000E2	1.037713700E1	2.061079709E1	2.274260956E2	8.553276507E1
3.120000000E2	1.041050400E1	1.965733162E1	2.285863522E2	8.165376189E1
3.130000000E2	1.044387100E1	1.838251073E1	2.307302506E2	7.667552353E1
3.140000000E2	1.047723800E1	1.686608735E1	2.325671286E2	7.050896304E1
3.150000000E2	1.051060500E1	1.501497782E1	2.346907574E2	6.295095935E1
3.160000000E2	1.054397200E1	1.310236873E1	2.360852947E2	5.494905796E1
3.170000000E2	1.057733900E1	1.078792699E1	2.384272462E2	4.543036368E1
3.180000000E2	1.061070600E1	8.488353896E0	2.401018969E2	3.583357658E1
3.190000000E2	1.064407300E1	5.944045256E0	2.416013745E2	2.515479906E1
3.200000000E2	1.067744000E1	3.360830568E0	2.423489110E2	1.423192193E1
3.210000000E2	1.071080700E1	7.225684462E-1	2.427611602E2	3.061671482E0
3.220000000E2	1.074417400E1	-1.816398655E0	2.423433755E2	-7.685377743E0
3.230000000E2	1.077754100E1	-4.491611843E0	2.420876691E2	-1.901705178E1
3.240000000E2	1.081090800E1	-7.021917115E0	2.409205623E2	-2.967487757E1
3.250000000E2	1.084427500E1	-9.350980933E0	2.393440039E2	-3.941279128E1
3.260000000E2	1.087764200E1	-1.155886719E1	2.377687815E2	-4.862906035E1
3.270000000E2	1.091100900E1	-1.371630131E1	2.357539424E2	-5.754168186E1
3.280000000E2	1.094437600E1	-1.561489918E1	2.336597371E2	-6.530447303E1
3.290000000E2	1.097774300E1	-1.715274961E1	2.315780334E2	-7.147615310E1
3.300000000E2	1.101111000E1	-1.848886629E1	2.303851421E2	-7.703601305E1
3.310000000E2	1.104447700E1	-1.947920543E1	2.284989809E2	-8.082241552E1
3.320000000E2	1.107784400E1	-2.025782146E1	2.275900271E2	-8.399769241E1
3.330000000E2	1.111121100E1	-2.074655192E1	2.268675869E2	-8.593682751E1
3.340000000E2	1.114457800E1	-2.089575679E1	2.269504257E2	-8.664468254E1
3.350000000E2	1.117794500E1	-2.058582212E1	2.274021245E2	-8.541062433E1
3.360000000E2	1.121131200E1	-2.023817666E1	2.275907217E2	-8.390929735E1
3.370000000E2	1.124467900E1	-1.922044559E1	2.295659725E2	-8.003519436E1
3.380000000E2	1.127804600E1	-1.827123295E1	2.306572726E2	-7.615414603E1
3.390000000E2	1.131141300E1	-1.672970654E1	2.328273714E2	-6.998316050E1
3.400000000E2	1.134478000E1	-1.505806888E1	2.342081653E2	-6.301036862E1
3.410000000E2	1.137814700E1	-1.301900530E1	2.366601181E2	-5.471998521E1
3.420000000E2	1.141151400E1	-1.097766243E1	2.383736767E2	-4.623871154E1
3.430000000E2	1.144488100E1	-8.774755955E0	2.396963144E2	-3.699881817E1
3.440000000E2	1.147824800E1	-6.470068331E0	2.411055566E2	-2.734292574E1
3.450000000E2	1.151161500E1	-3.923636498E0	2.420233259E2	-1.659980496E1
3.460000000E2	1.154498200E1	-1.303281252E0	2.426937218E2	-5.521396919E0
3.470000000E2	1.157834900E1	1.352217144E0	2.426987811E2	5.728910581E0
3.480000000E2	1.161171600E1	3.656497823E0	2.422754013E2	1.548253809E1
3.490000000E2	1.164508300E1	6.265583747E0	2.412785273E2	2.649071020E1
3.500000000E2	1.167845000E1	8.769604811E0	2.398610710E2	3.700217146E1
3.510000000E2	1.171181700E1	1.086122686E1	2.385131959E2	4.576303198E1
3.520000000E2	1.174518400E1	1.278768815E1	2.365754581E2	5.369516809E1
3.530000000E2	1.177855100E1	1.476808463E1	2.347230153E2	6.187664174E1
3.540000000E2	1.181191800E1	1.639232878E1	2.327748016E2	6.847548567E1
3.550000000E2	1.184528500E1	1.776121376E1	2.307340907E2	7.390835368E1
3.560000000E2	1.187865200E1	1.890700718E1	2.294374641E2	7.858535217E1
3.570000000E2	1.191201900E1	1.971788977E1	2.281290521E2	8.176239696E1
3.580000000E2	1.194538600E1	2.022499268E1	2.278127523E2	8.393161572E1
3.590000000E2	1.197875300E1	2.044379396E1	2.274026459E2	8.476819703E1
3.600000000E2	1.201212000E1	2.039041017E1	2.278186450E2	8.468159257E1
3.610000000E2	1.204548700E1	1.990737167E1	2.283029158E2	8.267772585E1
3.620000000E2	1.207885400E1	1.922877745E1	2.293652639E2	8.000262985E1
3.630000000E2	1.211222100E1	1.817835175E1	2.306651643E2	7.574228517E1
3.640000000E2	1.214558800E1	1.694753708E1	2.323764805E2	7.081202069E1
3.650000000E2	1.217895500E1	1.549219787E1	2.340799399E2	6.488178707E1
3.660000000E2	1.221232200E1	1.368984312E1	2.358549446E2	5.745094502E1
3.670000000E2	1.224568900E1	1.174830251E1	2.377086969E2	4.943613289E1
3.680000000E2	1.227905600E1	9.577612273E0	2.395545924E2	4.042135163E1
3.690000000E2	1.231242300E1	7.291500115E0	2.403119500E2	3.074843592E1
3.700000000E2	1.234579000E1	4.860250092E0	2.418986867E2	2.056898823E1
3.710000000E2	1.237915700E1	2.216690015E0	2.427275898E2	9.395464073E0
3.730000000E2	1.244589100E1	-2.527007591E0	2.420698125E2	-1.068332092E1
3.740000000E2	1.247925800E1	-5.010598647E0	2.415706613E2	-2.117972312E1
3.750000000E2	1.251262500E1	-7.482963016E0	2.404888495E2	-3.158821137E1
3.760000000E2	1.254599200E1	-9.571006108E0	2.391701402E2	-4.032812017E1
3.770000000E2	1.257935900E1	-1.166024387E1	2.377681001E2	-4.906737423E1
3.780000000E2	1.261272600E1	-1.359306812E1	2.359552990E2	-5.705337773E1
3.790000000E2	1.264609300E1	-1.534428545E1	2.339823837E2	-6.420476414E1
3.800000000E2	1.267946000E1	-1.676044521E1	2.325199289E2	-7.002678682E1
3.810000000E2	1.271282700E1	-1.780559122E1	2.312365756E2	-7.426683452E1
3.820000000E2	1.274619400E1	-1.875078986E1	2.302891644E2	-7.817617814E1
3.830000000E2	1.277956100E1	-1.956576430E1	2.285983238E2	-8.124632147E1
3.840000000E2	1.281292800E1	-1.967078670E1	2.286777261E2	-8.174696078E1
3.850000000E2	1.284629500E1	-1.976355904E1	2.286744524E2	-8.216361459E1
3.860000000E2	1.287966200E1	-1.953429599E1	2.287656400E2	-8.116430019E1
3.870000000E2	1.291302900E1	-1.882525242E1	2.300372079E2	-7.842420620E1
3.880000000E2	1.294639600E1	-1.785487051E1	2.310686046E2	-7.443218656E1
3.890000000E2	1.297976300E1	-1.674940875E1	2.326865904E2	-7.002809630E1
3.900000000E2	1.301313000E1	-1.535823898E1	2.340650597E2	-6.428874964E1
3.910000000E2	1.304649700E1	-1.360649835E1	2.357053067E2	-5.705141351E1
3.920000000E2	1.307986400E1	-1.182235357E1	2.371802016E2	-4.964610637E1
3.930000000E2	1.311323100E1	-9.629306401E0	2.391681760E2	-4.057811246E1
3.940000000E2	1.314659800E1	-7.568413429E0	2.402362382E2	-3.191957019E1
3.950000000E2	1.317996500E1	-5.126737045E0	2.416500636E2	-2.168036243E1
3.960000000E2	1.321333200E1	-2.820702070E0	2.422266529E2	-1.193459182E1
3.970000000E2	1.324669900E1	-5.165868334E-1	2.424699192E2	-2.186202247E0
3.980000000E2	1.328006600E1	1.904071327E0	2.425504524E2	8.063481377E0
3.990000000E2	1.331343300E1	4.471727501E0	2.417189304E2	1.890368249E1
4.000000000E2	1.334680000E1	6.824394000E0	2.408802063E2	2.882724522E1
4.010000000E2	1.338016700E1	8.905485380E0	2.398656542E2	3.758548678E1
4.020000000E2	1.341353400E1	1.104637037E1	2.382690963E2	4.651497306E1
4.030000000E2	1.344690100E1	1.288798303E1	2.364954011E2	5.411247664E1
4.040000000E2	1.348026800E1	1.452990105E1	2.348818199E2	6.087536312E1
4.050000000E2	1.351363500E1	1.602049308E1	2.326783760E2	6.680952519E1
4.060000000E2	1.354700200E1	1.725749307E1	2.317190008E2	7.198388928E1
4.070000000E2	1.358036900E1	1.822820941E1	2.304998122E2	7.591025617E1
4.080000000E2	1.361373600E1	1.883175458E1	2.296854921E2	7.833339566E1
4.090000000E2	1.364710300E1	1.929375699E1	2.287826033E2	8.009054380E1
4.100000000E2	1.368047000E1	1.942855345E1	2.289545028E2	8.075588041E1
4.110000000E2	1.371383700E1	1.905546773E1	2.294427020E2	7.925199826E1
4.120000000E2	1.374720400E1	1.865155198E1	2.298462610E2	7.758210933E1
4.130000000E2	1.378057100E1	1.778015414E1	2.309853925E2	7.407305098E1
4.140000000E2	1.381393800E1	1.710551284E1	2.329733707E2	7.169650557E1
4.150000000E2	1.384730500E1	1.555166201E1	2.337479263E2	6.505106756E1
4.160000000E2	1.388067200E1	1.395218060E1	2.356134640E2	5.853620914E1
4.170000000E2	1.391403900E1	1.217278484E1	2.373057927E2	5.118935258E1
4.180000000E2	1.394740600E1	1.024045764E1	2.389928835E2	4.317584994E1
4.190000000E2	1.398077300E1	8.210215889E0	2.402593921E2	3.466563644E1
4.200000000E2	1.401414000E1	5.926693795E0	2.415173890E2	2.507212304E1
4.210000000E2	1.404750700E1	3.698575283E0	2.421100493E2	1.565050909E1
4.220000000E2	1.408087400E1	1.453114125E0	2.423687318E2	6.148183353E0
4.230000000E2	1.411424100E1	-9.295908378E-1	2.427061619E2	-3.938112456E0
4.240000000E2	1.414760800E1	-3.291653060E0	2.422942699E2	-1.393518483E1
4.250000000E2	1.418097500E1	-5.655898858E0	2.416323856E2	-2.393029298E1
4.260000000E2	1.421434200E1	-7.961643921E0	2.401398126E2	-3.358553067E1
4.270000000E2	1.424770900E1	-9.739497252E0	2.393309090E2	-4.107940651E1
4.280000000E2	1.428107600E1	-1.171426596E1	2.378494667E2	-4.931802126E1
4.290000000E2	1.431444300E1	-1.358285161E1	2.357892922E2	-5.696873749E1
4.300000000E2	1.434781000E1	-1.494780988E1	2.345781391E2	-6.262606287E1
4.310000000E2	1.438117700E1	-1.621503357E1	2.333702598E2	-6.786673444E1
4.320000000E2	1.441454400E1	-1.728788376E1	2.316702527E2	-7.210350843E1
4.330000000E2	1.444791100E1	-1.792991013E1	2.310659857E2	-7.476550960E1
4.340000000E2	1.448127800E1	-1.843989234E1	2.304663018E2	-7.684419544E1
4.350000000E2	1.451464500E1	-1.862049953E1	2.305430851E2	-7.767815779E1
4.360000000E2	1.454801200E1	-1.845812003E1	2.302163095E2	-7.684223122E1
4.370000000E2	1.458137900E1	-1.818456269E1	2.306414750E2	-7.576220503E1
4.380000000E2	1.461474600E1	-1.733865665E1	2.317516193E2	-7.235415546E1
4.390000000E2	1.464811300E1	-1.643901087E1	2.331130653E2	-6.878140859E1
4.400000000E2	1.468148000E1	-1.532912636E1	2.342323760E2	-6.420672837E1
4.410000000E2	1.471484700E1	-1.384545388E1	2.355307883E2	-5.805007316E1
4.420000000E2	1.474821400E1	-1.212312348E1	2.373363873E2	-5.098070803E1
4.430000000E2	1.478158100E1	-1.032738339E1	2.391446053E2	-4.357801986E1
4.440000000E2	1.481494800E1	-8.273771023E0	2.401293367E2	-3.491882285E1
4.450000000E2	1.484831500E1	-6.285889893E0	2.414447723E2	-2.659556786E1
4.460000000E2	1.488168200E1	-4.177680047E0	2.420981450E2	-1.768375960E1
4.470000000E2	1.491504900E1	-1.737207808E0	2.424293252E2	-7.352709440E0
4.480000000E2	1.494841600E1	4.481949239E-1	2.425020015E2	1.897005050E0
4.490000000E2	1.498178300E1	2.792484727E0	2.422465927E2	1.181598460E1
4.500000000E2	1.501515000E1	5.069252749E0	2.413219188E2	2.140687903E1
4.510000000E2	1.504851700E1	7.171683567E0	2.403913523E2	3.024779661E1
4.520000000E2	1.508188400E1	9.190089283E0	2.395414975E2	3.875473641E1
4.530000000E2	1.511525100E1	1.119768349E1	2.375230479E2	4.702085030E1
4.540000000E2	1.514861800E1	1.277753581E1	2.364081418E2	5.361314681E1
4.550000000E2	1.518198500E1	1.431557858E1	2.349579485E2	5.995807001E1
4.560000000E2	1.521535200E1	1.563529839E1	2.339178615E2	6.546641189E1
4.570000000E2	1.524871900E1	1.667441560E1	2.327846227E2	6.972544709E1
4.580000000E2	1.528208600E1	1.742001005E1	2.318082243E2	7.273321139E1
4.590000000E2	1.531545300E1	1.794821057E1	2.307406382E2	7.474166129E1
4.600000000E2	1.534882000E1	1.825344616E1	2.301664892E2	7.591287514E1
4.610000000E2	1.538218700E1	1.822820941E1	2.304998122E2	7.591025617E1
4.620000000E2	1.541555400E1	1.787370178E1	2.312393132E2	7.457107132E1
4.630000000E2	1.544892100E1	1.722679420E1	2.318850076E2	7.189924903E1
4.640000000E2	1.548228800E1	1.642427837E1	2.328594418E2	6.864149245E1
4.650000000E2	1.551565500E1	1.538691783E1	2.342433277E2	6.446382379E1
4.660000000E2	1.554902200E1	1.404246430E1	2.357000684E2	5.895220820E1
4.670000000E2	1.558238900E1	1.239514970E1	2.367290248E2	5.202724339E1
4.680000000E2	1.561575600E1	1.077246000E1	2.383432607E2	4.534768766E1
4.690000000E2	1.564912300E1	8.792182316E0	2.397783950E2	3.708615696E1
4.700000000E2	1.568249000E1	6.787824854E0	2.407955660E2	2.866123844E1
4.710000000E2	1.571585700E1	4.723140064E0	2.418941036E2	1.998567290E1
4.720000000E2	1.574922400E1	2.434612025E0	2.425681304E2	1.031341193E1
4.730000000E2	1.578259100E1	3.686048759E-1	2.427493748E2	1.561717781E0
4.740000000E2	1.581595800E1	-1.794863512E0	2.426773533E2	-7.604665948E0
4.750000000E2	1.584932500E1	-4.100413711E0	2.420174332E2	-1.734978182E1
4.760000000E2	1.588269200E1	-6.213583347E0	2.411973990E2	-2.626028059E1
4.770000000E2	1.591605900E1	-8.069674031E0	2.398032159E2	-3.399956551E1
4.780000000E2	1.594942600E1	-1.001115477E1	2.388224128E2	-4.215877795E1
4.790000000E2	1.598279300E1	-1.172195006E1	2.376828052E2	-4.931671177E1
4.800000000E2	1.601616000E1	-1.336741407E1	2.358798251E2	-5.605275386E1
4.810000000E2	1.604952700E1	-1.461403473E1	2.347559313E2	-6.121074941E1
4.820000000E2	1.608289400E1	-1.582054887E1	2.336333469E2	-6.620208344E1
4.830000000E2	1.611626100E1	-1.649045966E1	2.326124260E2	-6.886081090E1
4.840000000E2	1.614962800E1	-1.715028855E1	2.317581667E2	-7.152084785E1
4.850000000E2	1.618299500E1	-1.751940191E1	2.315790651E2	-7.310282283E1
4.860000000E2	1.621636200E1	-1.741389898E1	2.317490003E2	-7.268747850E1
4.870000000E2	1.624972900E1	-1.730671685E1	2.316695980E2	-7.218683920E1
4.880000000E2	1.628309600E1	-1.674157265E1	2.325205836E2	-6.994345606E1
4.890000000E2	1.631646300E1	-1.601523812E1	2.335434687E2	-6.703473631E1
4.900000000E2	1.634983000E1	-1.496684749E1	2.345774844E2	-6.270939363E1
4.910000000E2	1.638319700E1	-1.391285712E1	2.356948308E2	-5.838470569E1
4.920000000E2	1.641656400E1	-1.245549325E1	2.368259269E2	-5.231007176E1
4.930000000E2	1.644993100E1	-1.067691989E1	2.386334901E2	-4.499071435E1
4.940000000E2	1.648329800E1	-8.961637695E0	2.393570987E2	-3.774617606E1
4.950000000E2	1.651666500E1	-7.000132086E0	2.410045478E2	-2.959220155E1
4.960000000E2	1.655003200E1	-5.005906909E0	2.418206536E2	-2.118168735E1
4.970000000E2	1.658339900E1	-2.839551776E0	2.423093289E2	-1.201857732E1
4.980000000E2	1.661676600E1	-5.559322498E-1	2.425519405E2	-2.353518511E0
4.990000000E2	1.665013300E1	1.491144445E0	2.425367028E2	6.313535393E0
5.000000000E2	1.668350000E1	3.538779172E0	2.422714729E2	1.498255352E1
5.010000000E2	1.671686700E1	5.844201367E0	2.416814315E2	2.473749051E1
5.020000000E2	1.675023400E1	7.653877997E0	2.405743823E2	3.232975616E1
5.030000000E2	1.678360100E1	9.454687289E0	2.397173254E2	3.992005758E1
5.040000000E2	1.681696800E1	1.121699522E1	2.375237027E2	4.710418106E1
5.050000000E2	1.685033500E1	1.285976943E1	2.366614078E2	5.402783639E1
5.060000000E2	1.688370200E1	1.398047111E1	2.357814350E2	5.870156118E1
5.070000000E2	1.691706900E1	1.508396002E1	2.342328518E2	6.313053161E1
5.080000000E2	1.695043600E1	1.610939859E1	2.327649804E2	6.722552425E1
5.090000000E2	1.698380300E1	1.676825541E1	2.327878964E2	7.014210089E1
5.100000000E2	1.701717000E1	1.706391579E1	2.317957842E2	7.114992692E1
5.110000000E2	1.705053700E1	1.698177722E1	2.316258489E2	7.073458260E1
5.120000000E2	1.708390400E1	1.698876925E1	2.317931652E2	7.081660388E1
5.130000000E2	1.711727100E1	1.659927547E1	2.327820037E2	6.939212404E1
5.140000000E2	1.715063800E1	1.595480019E1	2.330937203E2	6.663958996E1
5.150000000E2	1.718400500E1	1.500606876E1	2.345642106E2	6.287792036E1
5.160000000E2	1.721737200E1	1.392824597E1	2.356961400E2	5.845222363E1
5.170000000E2	1.725073900E1	1.266243820E1	2.364042134E2	5.311316225E1
5.180000000E2	1.728410600E1	1.101199445E1	2.377671475E2	4.626890922E1
5.190000000E2	1.731747300E1	9.396613795E0	2.397153612E2	3.967006530E1
5.200000000E2	1.735084000E1	7.347403218E0	2.403972450E2	3.099777346E1
5.210000000E2	1.738420700E1	5.539667742E0	2.413376326E2	2.340681730E1
5.220000000E2	1.741757400E1	3.479907132E0	2.422695086E2	1.473256124E1
5.230000000E2	1.745094100E1	1.511486185E0	2.424540268E2	6.397520895E0
5.240000000E2	1.748430800E1	-4.575065204E-1	2.427218757E2	-1.938174188E0
5.250000000E2	1.751767500E1	-2.683760684E0	2.421479053E2	-1.135062175E1
5.260000000E2	1.755104200E1	-4.787189036E0	2.419945172E2	-2.026635846E1
5.270000000E2	1.758440900E1	-6.722189544E0	2.411803757E2	-2.842688038E1
5.280000000E2	1.761777600E1	-8.607684215E0	2.400348754E2	-3.633479105E1
5.290000000E2	1.765114300E1	-1.024062341E1	2.388978867E2	-4.315940183E1
5.300000000E2	1.768451000E1	-1.178367296E1	2.375975102E2	-4.956604932E1
5.310000000E2	1.771787700E1	-1.314932085E1	2.363863571E2	-5.522337470E1
5.320000000E2	1.775124400E1	-1.435149255E1	2.350144352E2	-6.012941374E1
5.330000000E2	1.778461100E1	-1.522008146E1	2.341529737E2	-6.370608906E1
5.340000000E2	1.781797800E1	-1.581533893E1	2.337166776E2	-6.620273819E1
5.350000000E2	1.785134500E1	-1.628499761E1	2.328689657E2	-6.802946752E1
5.360000000E2	1.788471200E1	-1.639042880E1	2.326990305E2	-6.844481184E1
5.370000000E2	1.791807900E1	-1.633101608E1	2.330336630E2	-6.828076928E1
5.380000000E2	1.795144600E1	-1.602579103E1	2.333768072E2	-6.703342683E1
5.390000000E2	1.798481300E1	-1.553940981E1	2.338925055E2	-6.503741701E1
5.400000000E2	1.801818000E1	-1.454718343E1	2.349245570E2	-6.096206661E1
5.410000000E2	1.805154700E1	-1.359754187E1	2.358719682E2	-5.705272299E1
5.420000000E2	1.808491400E1	-1.229731423E1	2.369144955E2	-5.164408041E1
5.430000000E2	1.811828100E1	-1.080171415E1	2.388788992E2	-4.557599390E1
5.440000000E2	1.815164800E1	-9.150452500E0	2.395172128E2	-3.858079315E1
5.450000000E2	1.818501500E1	-7.595258071E0	2.406515825E2	-3.208950542E1
5.460000000E2	1.821838200E1	-5.654115332E0	2.417157163E2	-2.393094772E1
5.470000000E2	1.825174900E1	-3.746793049E0	2.420292185E2	-1.584982811E1
5.480000000E2	1.828511600E1	-1.696560583E0	2.426806270E2	-7.188012142E0
5.490000000E2	1.831848300E1	2.314019563E-1	2.425781301E2	9.797119358E-1
5.500000000E2	1.835185000E1	2.298051336E0	2.424802164E2	9.730751342E0
5.510000000E2	1.838521700E1	4.332716046E0	2.417976780E2	1.831971242E1
5.520000000E2	1.841858400E1	6.255234934E0	2.409445495E2	2.640999841E1
5.530000000E2	1.845195100E1	8.154815419E0	2.401740971E2	3.441629889E1
5.540000000E2	1.848531800E1	9.707549581E0	2.392251978E2	4.092395516E1
5.550000000E2	1.851868500E1	1.118972642E1	2.376897094E2	4.701954082E1
5.560000000E2	1.855205200E1	1.254870444E1	2.367342627E2	5.269388947E1
5.570000000E2	1.858541900E1	1.378544994E1	2.355242405E2	5.778688703E1
5.580000000E2	1.861878600E1	1.480776639E1	2.343903470E2	6.196259147E1
5.590000000E2	1.865215300E1	1.543271214E1	2.338273286E2	6.455042825E1
5.600000000E2	1.868552000E1	1.593035063E1	2.331763963E2	6.655560445E1
5.610000000E2	1.871888700E1	1.609256480E1	2.330149727E2	6.722356003E1
5.620000000E2	1.875225400E1	1.603592955E1	2.330130085E2	6.697356774E1
5.630000000E2	1.878562100E1	1.576018420E1	2.331705036E2	6.580562760E1
5.640000000E2	1.881898800E1	1.527580483E1	2.339054214E2	6.388312742E1
5.650000000E2	1.885235500E1	1.458181061E1	2.349671149E2	6.112470067E1
5.660000000E2	1.888572200E1	1.358489273E1	2.356843546E2	5.695226993E1
5.670000000E2	1.891908900E1	1.233751813E1	2.367270606E2	5.177725110E1
5.680000000E2	1.895245600E1	1.106993751E1	2.377691118E2	4.651890151E1
5.690000000E2	1.898582300E1	9.570772522E0	2.397212539E2	4.042004215E1
5.700000000E2	1.901919000E1	7.887424474E0	2.405822392E2	3.332972529E1
5.710000000E2	1.905255700E1	6.031042787E0	2.412706704E2	2.549074107E1
5.720000000E2	1.908592400E1	4.384937363E0	2.421329652E2	1.856708573E1
5.730000000E2	1.911929100E1	2.314856093E0	2.427308635E2	9.812117879E0
5.740000000E2	1.915265800E1	3.882714080E-1	2.427500296E2	1.645048542E0
5.750000000E2	1.918602500E1	-1.479915664E0	2.427711599E2	-6.272028511E0
5.760000000E2	1.921939200E1	-3.569886698E0	2.420351112E2	-1.509985126E1
5.770000000E2	1.925275900E1	-5.365395376E0	2.414755452E2	-2.267902208E1
5.780000000E2	1.928612600E1	-7.160960381E0	2.408326484E2	-3.025753816E1
5.790000000E2	1.931949300E1	-8.882936598E0	2.399423782E2	-3.750076697E1
5.800000000E2	1.935286000E1	-1.031813058E1	2.388952677E2	-4.349272487E1
5.810000000E2	1.938622700E1	-1.167188006E1	2.379341069E2	-4.915201448E1
5.820000000E2	1.941959400E1	-1.288268216E1	2.367281918E2	-5.414269377E1
5.830000000E2	1.945296100E1	-1.390828076E1	2.357781616E2	-5.838536043E1
5.840000000E2	1.948632800E1	-1.454247281E1	2.346752195E2	-6.087677163E1
5.850000000E2	1.951969500E1	-1.505287676E1	2.344082039E2	-6.304140719E1
5.860000000E2	1.955306200E1	-1.542032837E1	2.339797647E2	-6.453808719E1
5.870000000E2	1.958642900E1	-1.537218079E1	2.341477357E2	-6.437273515E1
5.880000000E2	1.961979600E1	-1.517202114E1	2.343209447E2	-6.354073702E1
5.890000000E2	1.965316300E1	-1.466618120E1	2.351699661E2	-6.154734617E1
5.900000000E2	1.968653000E1	-1.402754075E1	2.356909024E2	-5.888469026E1
5.910000000E2	1.971989700E1	-1.302129364E1	2.366402778E2	-5.472535435E1
5.920000000E2	1.975326400E1	-1.212646285E1	2.376690556E2	-5.106665776E1
5.930000000E2	1.978663100E1	-1.068927861E1	2.387994969E2	-4.507535459E1
5.940000000E2	1.981999800E1	-9.350980933E0	2.393440039E2	-3.941279128E1
5.950000000E2	1.985336500E1	-7.905624940E0	2.400584461E2	-3.333488365E1
5.960000000E2	1.988673200E1	-6.178349603E0	2.410320470E2	-2.609230958E1
5.970000000E2	1.992009900E1	-4.298071365E0	2.419275550E2	-1.818243469E1
5.980000000E2	1.995346600E1	-2.407499941E0	2.422404025E2	-1.018464584E1
5.990000000E2	1.998683300E1	-7.133134113E-1	2.426300333E2	-3.020819342E0
6.000000000E2	2.002020000E1	1.451153924E0	2.426187241E2	6.146219129E0
6.010000000E2	2.005356700E1	3.281046757E0	2.424296228E2	1.389794414E1
6.020000000E2	2.008693400E1	5.079373823E0	2.417392274E2	2.148693608E1
6.030000000E2	2.012030100E1	6.592413473E0	2.407890186E2	2.782793083E1
6.040000000E2	2.015366800E1	8.316406370E0	2.400126735E2	3.508425447E1
6.050000000E2	2.018703500E1	9.897546737E0	2.393150760E2	4.175660803E1
6.060000000E2	2.022040200E1	1.115508456E1	2.376050692E2	4.685353404E1
6.070000000E2	2.025376900E1	1.235411171E1	2.371450239E2	5.194063892E1
6.080000000E2	2.028713600E1	1.330346543E1	2.362591583E2	5.586438685E1
6.090000000E2	2.032050300E1	1.405723304E1	2.354500762E2	5.895417243E1
6.100000000E2	2.035387000E1	1.474394733E1	2.348056913E2	6.179265624E1
6.110000000E2	2.038723700E1	1.500606876E1	2.345642106E2	6.287792036E1
6.120000000E2	2.042060400E1	1.504076950E1	2.343148731E2	6.296321534E1
6.130000000E2	2.045397100E1	1.484056636E1	2.344749872E2	6.212859825E1
6.140000000E2	2.048733800E1	1.454381783E1	2.349658054E2	6.095803914E1
6.150000000E2	2.052070500E1	1.394729049E1	2.356967947E2	5.853555440E1
6.160000000E2	2.055407200E1	1.312613994E1	2.360026186E2	5.503304346E1
6.170000000E2	2.058743900E1	1.213439415E1	2.373044832E2	5.102269106E1
6.180000000E2	2.062080600E1	1.094219996E1	2.384324841E2	4.609700977E1
6.190000000E2	2.065417300E1	9.625348673E0	2.398065489E2	4.066937969E1
6.200000000E2	2.068754000E1	8.174271828E0	2.401747518E2	3.449962966E1
6.210000000E2	2.072090700E1	6.477463750E0	2.407017594E2	2.732860100E1
6.220000000E2	2.075427400E1	4.785498698E0	2.417294063E2	2.023697466E1
6.230000000E2	2.078764100E1	3.263972799E0	2.422623065E2	1.381592286E1
6.240000000E2	2.082100800E1	1.350980800E0	2.428654427E2	5.727601098E0
6.250000000E2	2.085437500E1	-4.968638325E-1	2.426372354E2	-2.104180969E0
6.260000000E2	2.088774200E1	-2.407499941E0	2.422404025E2	-1.018464584E1
6.270000000E2	2.092110900E1	-4.135893448E0	2.422661160E2	-1.751840756E1
6.280000000E2	2.095447600E1	-5.939335340E0	2.412065654E2	-2.509364993E1
6.290000000E2	2.098784300E1	-7.563534002E0	2.404028997E2	-3.192087967E1
6.300000000E2	2.102121000E1	-8.848362070E0	2.396582234E2	-3.730821837E1
6.310000000E2	2.105457700E1	-1.022009586E1	2.388192327E2	-4.305684270E1
6.320000000E2	2.108794400E1	-1.152474158E1	2.373880299E2	-4.840390247E1
6.330000000E2	2.112131100E1	-1.243603229E1	2.365646312E2	-5.216809193E1
6.340000000E2	2.115467800E1	-1.325989274E1	2.365365656E2	-5.574007469E1
6.350000000E2	2.118804500E1	-1.359629135E1	2.366240934E2	-5.722918045E1
6.360000000E2	2.122141200E1	-1.419935828E1	2.356850097E2	-5.963466711E1
6.370000000E2	2.125477900E1	-1.439930916E1	2.351791325E2	-6.038071551E1
6.380000000E2	2.128814600E1	-1.432294591E1	2.351817514E2	-6.004739246E1
6.390000000E2	2.132151300E1	-1.385547400E1	2.356967951E2	-5.813471341E1
6.400000000E2	2.135488000E1	-1.328962539E1	2.366311115E2	-5.589198501E1
6.410000000E2	2.138824700E1	-1.258194650E1	2.369880052E2	-5.289469657E1
6.420000000E2	2.142161400E1	-1.184541244E1	2.375122152E2	-4.981538686E1
6.430000000E2	2.145498100E1	-1.068927861E1	2.387994969E2	-4.507535459E1
6.440000000E2	2.148834800E1	-9.354027531E0	2.392606731E2	-3.941213654E1
6.450000000E2	2.152171500E1	-8.061840368E0	2.400532081E2	-3.400152974E1
6.460000000E2	2.155508200E1	-6.389746609E0	2.411915063E2	-2.701025744E1
6.470000000E2	2.158844900E1	-4.808287842E0	2.419105317E2	-2.034903448E1
6.480000000E2	2.162181600E1	-3.133516570E0	2.423828386E2	-1.326919348E1
6.490000000E2	2.165518300E1	-1.325734205E0	2.427035620E2	-5.616781044E0
6.500000000E2	2.168855000E1	3.680237880E-1	2.431389220E2	1.561757925E0
6.510000000E2	2.172191700E1	2.037974426E0	2.421028344E2	8.615077307E0
6.520000000E2	2.175528400E1	3.838459526E0	2.422620853E2	1.625437196E1
6.530000000E2	2.178865100E1	5.448886866E0	2.412236588E2	2.301002611E1
6.540000000E2	2.182201800E1	7.081662868E0	2.403844555E2	2.986334281E1
6.550000000E2	2.185538500E1	8.471607105E0	2.398351214E2	3.572210327E1
6.560000000E2	2.188875200E1	9.889322230E0	2.390881234E2	4.168164468E1
6.570000000E2	2.192211900E1	1.101963272E1	2.380333254E2	4.635364221E1
6.580000000E2	2.195548600E1	1.209272469E1	2.376722999E2	5.092096081E1
6.590000000E2	2.198885300E1	1.282939007E1	2.367034705E2	5.390540911E1
6.600000000E2	2.202222000E1	1.344858207E1	2.362276313E2	5.648907244E1
6.610000000E2	2.205558700E1	1.383461180E1	2.358432180E2	5.807973873E1
6.620000000E2	2.208895400E1	1.405028071E1	2.356517909E2	5.897429362E1
6.630000000E2	2.212232100E1	1.395961166E1	2.356486725E2	5.857740665E1
6.640000000E2	2.215568800E1	1.370416070E1	2.357393186E2	5.748518787E1
6.650000000E2	2.218905500E1	1.315283142E1	2.362174966E2	5.519918977E1
6.660000000E2	2.222242200E1	1.264160679E1	2.367964554E2	5.311085556E1
6.670000000E2	2.225578900E1	1.174485805E1	2.377598277E2	4.943185506E1
6.680000000E2	2.228915600E1	1.075322488E1	2.388193033E2	4.535518799E1
6.690000000E2	2.232252300E1	9.615139581E0	2.395756565E2	4.058630750E1
6.700000000E2	2.235589000E1	8.182885659E0	2.401234314E2	3.452910355E1
6.710000000E2	2.238925700E1	6.735113854E0	2.410680933E2	2.846878120E1
6.720000000E2	2.242262400E1	5.136198602E0	2.416104110E2	2.171702505E1
6.730000000E2	2.245599100E1	3.509822441E0	2.423503926E2	1.486448795E1
6.740000000E2	2.248935800E1	1.842872181E0	2.428903716E2	7.815066565E0
6.750000000E2	2.252272500E1	2.489218832E-1	2.433287617E2	1.057150024E0
6.760000000E2	2.255609200E1	-1.457022540E0	2.427804481E2	-6.175199274E0
6.770000000E2	2.258945900E1	-3.168675239E0	2.423266504E2	-1.341526816E1
6.780000000E2	2.262282600E1	-4.836163032E0	2.417751901E2	-2.045611395E1
6.790000000E2	2.265619300E1	-6.251517455E0	2.410338620E2	-2.640396137E1
6.800000000E2	2.268956000E1	-7.853932272E0	2.402862970E2	-3.314558274E1
6.810000000E2	2.272292700E1	-9.087141068E0	2.394519839E2	-3.829887661E1
6.820000000E2	2.275629400E1	-1.037356106E1	2.390122190E2	-4.375295411E1
6.830000000E2	2.278966100E1	-1.116143698E1	2.377966109E2	-4.691869471E1
6.840000000E2	2.282302800E1	-1.202163865E1	2.370739931E2	-5.048522028E1
6.850000000E2	2.285639500E1	-1.268831801E1	2.365560556E2	-5.325953111E1
6.860000000E2	2.288976200E1	-1.311268465E1	2.367396867E2	-5.514630343E1
6.870000000E2	2.292312900E1	-1.300362242E1	2.366443630E2	-5.464941511E1
6.880000000E2	2.295649600E1	-1.328790019E1	2.364365643E2	-5.583851684E1
6.890000000E2	2.298986300E1	-1.311781358E1	2.366404650E2	-5.514552383E1
6.900000000E2	2.302323000E1	-1.274705569E1	2.367521603E2	-5.355875553E1
6.910000000E2	2.305659700E1	-1.205814967E1	2.372708774E2	-5.068522297E1
6.920000000E2	2.308996400E1	-1.127662695E1	2.377927129E2	-4.741480343E1
6.930000000E2	2.312333100E1	-1.033951696E1	2.387161130E2	-4.355217182E1
6.940000000E2	2.315669800E1	-9.210136751E0	2.392496424E2	-3.879342613E1
6.950000000E2	2.319006500E1	-7.976252591E0	2.400839555E2	-3.364013226E1
6.960000000E2	2.322343200E1	-6.647778393E0	2.410206088E2	-2.809073101E1
6.970000000E2	2.325679900E1	-5.091158920E0	2.418658363E2	-2.154833273E1
6.980000000E2	2.329016600E1	-3.494918032E0	2.424149577E2	-1.480515216E1
6.990000000E2	2.332353300E1	-1.830337914E0	2.429664180E2	-7.764306369E0
7.000000000E2	2.335690000E1	-3.591846039E-1	2.428084801E2	-1.522175124E0
7.010000000E2	2.339026700E1	1.450501420E0	2.427020548E2	6.145564387E0
7.020000000E2	2.342363400E1	3.045532676E0	2.424217659E2	1.289797501E1
7.030000000E2	2.345700100E1	4.476367785E0	2.418862475E2	1.893647743E1
7.040000000E2	2.349036800E1	6.013675426E0	2.410439257E2	2.539290715E1
7.050000000E2	2.352373500E1	7.340630869E0	2.402938093E2	3.095556159E1
7.060000000E2	2.355710200E1	8.676229888E0	2.399413595E2	3.661431936E1
7.070000000E2	2.359046900E1	9.885119556E0	2.391873451E2	4.168086508E1
7.080000000E2	2.362383600E1	1.092756001E1	2.385270953E2	4.605207899E1
7.090000000E2	2.365720300E1	1.164020764E1	2.375574862E2	4.893730554E1
7.100000000E2	2.369057000E1	1.230103779E1	2.371824280E2	5.171863276E1
7.110000000E2	2.372393700E1	1.278379694E1	2.367019113E2	5.370696562E1
7.120000000E2	2.375730400E1	1.295415060E1	2.365089250E2	5.440307703E1
7.130000000E2	2.379067100E1	1.294872210E1	2.366081467E2	5.440229743E1
7.140000000E2	2.382403800E1	1.282939007E1	2.367034705E2	5.390540911E1
7.150000000E2	2.385740500E1	1.251694705E1	2.369910009E2	5.261318765E1
7.160000000E2	2.389077200E1	1.195063956E1	2.377668441E2	5.032485075E1
7.170000000E2	2.392413900E1	1.109792592E1	2.378372207E2	4.665286664E1
7.180000000E2	2.395750600E1	1.034953327E1	2.391037154E2	4.366607955E1
7.190000000E2	2.399087300E1	9.219112059E0	2.396616251E2	3.889875826E1
7.200000000E2	2.402424000E1	8.152703344E0	2.403210953E2	3.442832261E1
7.210000000E2	2.405760700E1	6.677018656E0	2.406688675E2	2.817423437E1
7.220000000E2	2.409097400E1	5.390270347E0	2.417182084E2	2.280768463E1
7.230000000E2	2.412434100E1	3.978526306E0	2.422667629E2	1.684970242E1
7.240000000E2	2.415770800E1	2.318124400E0	2.422114113E2	9.804958630E0
7.250000000E2	2.419107500E1	8.803150770E-1	2.426830673E2	3.728972313E0
7.260000000E2	2.422444200E1	-8.312431773E-1	2.427094356E2	-3.521458651E0
7.270000000E2	2.425780900E1	-2.368136056E0	2.422417120E2	-1.001798431E1
7.280000000E2	2.429117600E1	-3.890744914E0	2.425009263E2	-1.649270140E1
7.290000000E2	2.432454300E1	-5.303099037E0	2.417595981E2	-2.244054882E1
7.300000000E2	2.435791000E1	-6.722765170E0	2.408198265E2	-2.838683704E1
7.310000000E2	2.439127700E1	-7.926698298E0	2.401847365E2	-3.344246837E1
7.320000000E2	2.442464400E1	-9.146032167E0	2.397473103E2	-3.859888064E1
7.330000000E2	2.445801100E1	-9.989058605E0	2.388270287E2	-4.206462527E1
7.340000000E2	2.449137800E1	-1.081309929E1	2.384028557E2	-4.553426789E1
7.350000000E2	2.452474500E1	-1.166760588E1	2.377794597E2	-4.910157307E1
7.360000000E2	2.455811200E1	-1.193867005E1	2.373739971E2	-5.018989385E1
7.370000000E2	2.459147900E1	-1.227416599E1	2.370654175E2	-5.157665946E1
7.380000000E2	2.462484600E1	-1.238395437E1	2.371607413E2	-5.207354778E1
7.390000000E2	2.465821300E1	-1.218627022E1	2.374646433E2	-5.128211263E1
7.400000000E2	2.469158000E1	-1.187880583E1	2.376732216E2	-4.999378916E1
7.410000000E2	2.472494700E1	-1.143327943E1	2.378864774E2	-4.811013523E1
7.420000000E2	2.475831400E1	-1.068120242E1	2.388036407E2	-4.504127757E1
7.430000000E2	2.479168100E1	-1.000050845E1	2.391239143E2	-4.216618581E1
7.440000000E2	2.482504800E1	-8.854420738E0	2.401535525E2	-3.741133811E1
7.450000000E2	2.485841500E1	-7.754980889E0	2.404878589E2	-3.275025496E1
7.460000000E2	2.489178200E1	-6.598679966E0	2.411213897E2	-2.789306712E1
7.470000000E2	2.492514900E1	-5.180629159E0	2.420611614E2	-2.194677890E1
7.480000000E2	2.495851600E1	-3.823449487E0	2.423048216E2	-1.619347697E1
7.490000000E2	2.499188300E1	-2.372652278E0	2.423531567E2	-1.004172888E1
7.500000000E2	2.502525000E1	-9.432384469E-1	2.422022688E2	-3.987643321E0
7.510000000E2	2.505861700E1	5.336804626E-1	2.426482705E2	2.260208125E0
7.520000000E2	2.509198400E1	2.127528043E0	2.425028398E2	9.008845884E0
7.530000000E2	2.512535100E1	3.509822441E0	2.423503926E2	1.486448795E1
7.540000000E2	2.515871800E1	5.068470855E0	2.415088505E2	2.142013942E1
7.550000000E2	2.519208500E1	6.398393663E0	2.414540659E2	2.707655840E1
7.560000000E2	2.522545200E1	7.771825870E0	2.406062870E2	3.283843592E1
7.570000000E2	2.525881900E1	8.780555687E0	2.402429227E2	3.710808928E1
7.580000000E2	2.529218600E1	9.657100997E0	2.396764375E2	4.078397139E1
7.590000000E2	2.532555300E1	1.046354398E1	2.386107250E2	4.406686452E1
7.600000000E2	2.535892000E1	1.118103804E1	2.375418942E2	4.695287067E1
7.610000000E2	2.539228700E1	1.160749235E1	2.377551501E2	4.883652460E1
7.620000000E2	2.542565400E1	1.188708102E1	2.376652836E2	5.002796512E1
7.630000000E2	2.545902100E1	1.202926854E1	2.375707394E2	5.062407518E1
7.640000000E2	2.549238800E1	1.179557977E1	2.376621652E2	4.963107815E1
7.650000000E2	2.552575500E1	1.165820900E1	2.376574876E2	4.903574769E1
7.660000000E2	2.555912200E1	1.113032257E1	2.376395568E2	4.675364758E1
7.670000000E2	2.559248900E1	1.052362812E1	2.388115073E2	4.436297055E1
7.680000000E2	2.562585600E1	9.811824374E0	2.392842281E2	4.138242025E1
7.690000000E2	2.565922300E1	8.938072448E0	2.397514916E2	3.770731774E1
7.700000000E2	2.569259000E1	7.914206142E0	2.405117428E2	3.343454598E1
7.710000000E2	2.572595700E1	6.694462425E0	2.408680906E2	2.827189692E1
7.720000000E2	2.575932400E1	5.467385724E0	2.414228819E2	2.310768866E1
7.730000000E2	2.579269100E1	4.075568757E0	2.420714378E2	1.724814859E1
7.740000000E2	2.582605800E1	2.642190229E0	2.425199910E2	1.119172424E1
7.750000000E2	2.585942500E1	1.307922363E0	2.424755538E2	5.536084860E0
7.760000000E2	2.589279200E1	-3.395587321E-1	2.428924657E2	-1.439499104E0
7.770000000E2	2.592615900E1	-1.596981927E0	2.428749922E2	-6.771309334E0
7.780000000E2	2.595952600E1	-2.984566730E0	2.420352219E2	-1.261915541E1
7.790000000E2	2.599289300E1	-4.370245347E0	2.416915604E2	-1.847089948E1
7.800000000E2	2.602626000E1	-5.678318560E0	2.416479028E2	-2.402731712E1
7.810000000E2	2.605962700E1	-7.004946150E0	2.407112496E2	-2.957671837E1
7.820000000E2	2.609299400E1	-7.979325366E0	2.399847338E2	-3.363935266E1
7.830000000E2	2.612636100E1	-8.838104320E0	2.399558886E2	-3.731055717E1
7.840000000E2	2.615972800E1	-9.777055077E0	2.389332668E2	-4.117240917E1
7.850000000E2	2.619309500E1	-1.043994009E1	2.385145511E2	-4.394749960E1
7.860000000E2	2.622646200E1	-1.085494558E1	2.385005183E2	-4.573349098E1
7.870000000E2	2.625982900E1	-1.121741871E1	2.380919373E2	-4.721869874E1
7.880000000E2	2.629319600E1	-1.126239338E1	2.375950490E2	-4.731402248E1
7.890000000E2	2.632656300E1	-1.122617707E1	2.378934938E2	-4.721713954E1
7.900000000E2	2.635993000E1	-1.100160800E1	2.382973972E2	-4.632726224E1
7.910000000E2	2.639329700E1	-1.067704884E1	2.389028625E2	-4.504205717E1
7.920000000E2	2.642666400E1	-1.000439468E1	2.390246926E2	-4.216540621E1
7.930000000E2	2.646003100E1	-9.284835711E0	2.397426327E2	-3.919421110E1
7.940000000E2	2.649339800E1	-8.543380220E0	2.397675799E2	-3.601911530E1
7.950000000E2	2.652676500E1	-7.609694310E0	2.406909800E2	-3.215648370E1
7.960000000E2	2.656013200E1	-6.507987573E0	2.410252864E2	-2.749540055E1
7.970000000E2	2.659349900E1	-5.321150435E0	2.417268469E2	-2.251432478E1
7.980000000E2	2.662686600E1	-4.013282701E0	2.421001413E2	-1.698569172E1
7.990000000E2	2.666023300E1	-2.653702195E0	2.423438016E2	-1.123238980E1
8.000000000E2	2.669360000E1	-1.292830546E0	2.428851270E2	-5.481426668E0
8.010000000E2	2.672696700E1	3.225255581E-1	2.427404759E2	1.366432834E0
8.020000000E2	2.676033400E1	1.589862338E0	2.423856873E2	6.727525382E0
8.030000000E2	2.679370100E1	2.833243633E0	2.422285625E2	1.198783699E1
8.040000000E2	2.682706800E1	4.163316791E0	2.423722214E2	1.764269677E1
8.050000000E2	2.686043500E1	5.444068220E0	2.414221023E2	2.300846691E1
8.060000000E2	2.689380200E1	6.601404119E0	2.408649722E2	2.787500994E1
8.070000000E2	2.692716900E1	7.645945634E0	2.402047224E2	3.224622385E1
8.080000000E2	2.696053600E1	8.448443485E0	2.398343418E2	3.562288153E1
8.090000000E2	2.699390300E1	9.230924855E0	2.393639598E2	3.890109706E1
8.100000000E2	2.702727000E1	9.872531785E0	2.394850104E2	4.167852628E1
8.110000000E2	2.706063700E1	1.058749792E1	2.384161796E2	4.456453243E1
8.120000000E2	2.709400400E1	1.087707064E1	2.386247578E2	4.585285590E1
8.130000000E2	2.712737100E1	1.095050054E1	2.385278749E2	4.615130073E1
8.140000000E2	2.716073800E1	1.082195457E1	2.383247538E2	4.555752947E1
8.150000000E2	2.719410500E1	1.087247709E1	2.387239796E2	4.585207630E1
8.160000000E2	2.722747200E1	1.039988019E1	2.390060528E2	4.386530263E1
8.170000000E2	2.726083900E1	9.968769176E0	2.393889070E2	4.207619285E1
8.180000000E2	2.729420600E1	9.223046484E0	2.395624033E2	3.889953786E1
8.190000000E2	2.732757300E1	8.464340746E0	2.400335649E2	3.572054407E1
8.200000000E2	2.736094000E1	7.612849334E0	2.405016080E2	3.214466331E1
8.210000000E2	2.739430700E1	6.552002316E0	2.409626348E2	2.767578686E1
8.220000000E2	2.742767400E1	5.504288578E0	2.418213281E2	2.330301375E1
8.230000000E2	2.746104100E1	4.256578990E0	2.423753398E2	1.803958374E1
8.240000000E2	2.749440800E1	3.016181262E0	2.425324645E2	1.277927214E1
8.250000000E2	2.752777500E1	1.656704952E0	2.427849130E2	7.022072216E0
8.260000000E2	2.756114200E1	2.753919867E-1	2.428381384E2	1.167209748E0
8.270000000E2	2.759450900E1	-1.153010039E0	2.426913611E2	-4.884537009E0
8.280000000E2	2.762787600E1	-2.327336816E0	2.421562725E2	-9.841726190E0
8.290000000E2	2.766124300E1	-3.544193888E0	2.422149550E2	-1.500203645E1
8.300000000E2	2.769461000E1	-4.837955619E0	2.416759684E2	-2.045533435E1
8.310000000E2	2.772797700E1	-5.915826575E0	2.414416633E2	-2.501797536E1
8.320000000E2	2.776134400E1	-7.028233715E0	2.407104700E2	-2.967594011E1
8.330000000E2	2.779471100E1	-7.853932272E0	2.402862970E2	-3.314558274E1
8.340000000E2	2.782807800E1	-8.636216740E0	2.397644615E2	-3.641600228E1
8.350000000E2	2.786144500E1	-9.226160779E0	2.394473063E2	-3.889420707E1
8.360000000E2	2.789481200E1	-9.800191900E0	2.389324872E2	-4.127163092E1
8.370000000E2	2.792817900E1	-1.007367535E1	2.390223538E2	-4.246307144E1
8.380000000E2	2.796154600E1	-1.022726971E1	2.392153401E2	-4.315918284E1
8.390000000E2	2.799491300E1	-1.018907993E1	2.390184558E2	-4.295918016E1
8.400000000E2	2.802828000E1	-1.021612199E1	2.389184544E2	-4.305762230E1
8.410000000E2	2.806164700E1	-9.881185468E0	2.392270341E2	-4.167085669E1
8.420000000E2	2.809501400E1	-9.480758867E0	2.394387307E2	-3.998564625E1
8.430000000E2	2.812838100E1	-8.715532920E0	2.401582301E2	-3.681600765E1
8.440000000E2	2.816174800E1	-8.072337558E0	2.399816154E2	-3.403623963E1
8.450000000E2	2.819511500E1	-7.048825552E0	2.408089121E2	-2.977594145E1
8.460000000E2	2.822848200E1	-6.207213248E0	2.409361994E2	-2.620473828E1
8.470000000E2	2.826184900E1	-5.229196321E0	2.419603804E2	-2.214444279E1
8.480000000E2	2.829521600E1	-4.016196724E0	2.419016978E2	-1.698413253E1
8.490000000E2	2.832858300E1	-2.768879771E0	2.425383470E2	-1.173005771E1
8.500000000E2	2.836195000E1	-1.573587743E0	2.428757718E2	-6.672087591E0
8.510000000E2	2.839531700E1	-3.566037683E-1	2.425194240E2	-1.509438530E0
8.520000000E2	2.842868400E1	1.003296052E0	2.424654190E2	4.246202194E0
8.530000000E2	2.846205100E1	2.173261696E0	2.426036207E2	9.206509772E0
8.540000000E2	2.849541800E1	3.441330132E0	2.422488321E2	1.456760232E1
8.550000000E2	2.852878500E1	4.546395956E0	2.418885863E2	1.923414266E1
8.560000000E2	2.856215200E1	5.726267675E0	2.413322358E2	2.419990743E1
8.570000000E2	2.859551900E1	6.717721101E0	2.408688702E2	2.837111866E1
8.580000000E2	2.862888600E1	7.566446437E0	2.405000488E2	3.194621982E1
8.590000000E2	2.866225300E1	8.391294463E0	2.401304478E2	3.542209924E1
8.600000000E2	2.869562000E1	8.972686446E0	2.394546060E2	3.780887828E1
8.610000000E2	2.872898700E1	9.453802671E0	2.395701993E2	3.989175530E1
8.620000000E2	2.876235400E1	9.839041087E0	2.391857859E2	4.148242159E1
8.630000000E2	2.879572100E1	9.991771910E0	2.393896866E2	4.217541460E1
8.640000000E2	2.882908800E1	1.005482142E1	2.389943588E2	4.237697648E1
8.650000000E2	2.886245500E1	9.868342599E0	2.395842321E2	4.167774668E1
8.660000000E2	2.889582200E1	9.661206349E0	2.395772157E2	4.078475099E1
8.670000000E2	2.892918900E1	9.215180803E0	2.397608468E2	3.889797866E1
8.680000000E2	2.896255600E1	8.583700719E0	2.399382411E2	3.621743239E1
8.690000000E2	2.899592300E1	7.921023230E0	2.403132993E2	3.343610517E1
8.700000000E2	2.902929000E1	7.201092398E0	2.402891317E2	3.036023112E1
8.710000000E2	2.906265700E1	6.168661031E0	2.413470482E2	2.608512056E1
8.720000000E2	2.909602400E1	5.208474241E0	2.415135281E2	2.201546988E1
8.730000000E2	2.912939100E1	4.167083253E0	2.421737779E2	1.764425597E1
8.740000000E2	2.916275800E1	3.087717021E0	2.424355816E2	1.307771697E1
8.750000000E2	2.919612500E1	1.613293132E0	2.423864669E2	6.826747126E0
8.760000000E2	2.922949200E1	4.634034963E-1	2.426459317E2	1.962542895E0
8.770000000E2	2.926285900E1	-4.503700369E-1	2.429131926E2	-1.909443901E0
8.780000000E2	2.929622600E1	-1.694620005E0	2.420780999E2	-7.161959515E0
8.790000000E2	2.932959300E1	-2.981458784E0	2.423328872E2	-1.262149421E1
8.800000000E2	2.936296000E1	-4.105299201E0	2.421962447E2	-1.738335830E1
8.810000000E2	2.939632700E1	-5.110689569E0	2.420635002E2	-2.164911367E1
8.820000000E2	2.942969400E1	-5.988022884E0	2.413401028E2	-2.531486099E1
8.830000000E2	2.946306100E1	-6.880597781E0	2.410128128E2	-2.908294844E1
8.840000000E2	2.949642800E1	-7.644650467E0	2.402933134E2	-3.225258704E1
8.850000000E2	2.952979500E1	-8.391083341E0	2.401691445E2	-3.542690324E1
8.860000000E2	2.956316200E1	-8.748818960E0	2.398597853E2	-3.691289059E1
8.870000000E2	2.959652900E1	-9.089190165E0	2.400465348E2	-3.840277595E1
8.880000000E2	2.962989600E1	-9.231432997E0	2.399426354E2	-3.899732681E1
8.890000000E2	2.966326300E1	-9.284835711E0	2.397426327E2	-3.919421110E1
8.900000000E2	2.969663000E1	-9.131896623E0	2.401441973E2	-3.860199903E1
8.910000000E2	2.972999700E1	-9.026791354E0	2.398504301E2	-3.810355152E1
8.920000000E2	2.976336400E1	-8.675911557E0	2.399613458E2	-3.661600496E1
8.930000000E2	2.979673100E1	-8.089348643E0	2.401792793E2	-3.413702057E1
8.940000000E2	2.983009800E1	-7.470274328E0	2.406956576E2	-3.156115324E1
8.950000000E2	2.986346500E1	-6.720204614E0	2.409190482E2	-2.838761664E1
8.960000000E2	2.989683200E1	-5.869193259E0	2.414432225E2	-2.481953187E1
8.970000000E2	2.993019900E1	-4.854126848E0	2.420720757E2	-2.055767449E1
8.980000000E2	2.996356600E1	-3.823449487E0	2.423048216E2	-1.619347697E1
8.990000000E2	2.999693300E1	-2.912244943E0	2.422360042E2	-1.232304938E1
9.000000000E2	3.003030000E1	-1.645233141E0	2.425757678E2	-6.967414024E0
9.010000000E2	3.006366700E1	-4.738023611E-1	2.426147478E2	-2.006326847E0
9.020000000E2	3.009703400E1	4.169051968E-1	2.425451508E2	1.764879007E0
9.030000000E2	3.013040100E1	1.638432161E0	2.421888030E2	6.927528067E0
9.040000000E2	3.016376800E1	2.831901565E0	2.423277843E2	1.198705739E1
9.050000000E2	3.019713500E1	3.933632695E0	2.421659819E2	1.665203853E1
9.060000000E2	3.023050200E1	4.938535822E0	2.421002830E2	2.091935310E1
9.070000000E2	3.026386900E1	5.845330615E0	2.412369120E2	2.469679575E1
9.080000000E2	3.029723600E1	6.642148724E0	2.410649749E2	2.807189423E1
9.090000000E2	3.033060300E1	7.307877588E0	2.405906950E2	3.085400104E1
9.100000000E2	3.036397000E1	7.947625641E0	2.402148572E2	3.353610652E1
9.110000000E2	3.039733700E1	8.371741758E0	2.400304465E2	3.532365710E1
9.120000000E2	3.043070400E1	8.864933151E0	2.398483746E2	3.740887291E1
9.130000000E2	3.046407100E1	9.169027408E0	2.397592876E2	3.869953518E1
9.140000000E2	3.049743800E1	9.099773697E0	2.397569488E2	3.840186995E1
9.150000000E2	3.053080500E1	8.957353275E0	2.398514930E2	3.780575989E1
9.160000000E2	3.056417200E1	8.679946554E0	2.398421378E2	3.661509896E1
9.170000000E2	3.059753900E1	8.491124010E0	2.399351227E2	3.582054542E1
9.180000000E2	3.063090600E1	7.888247631E0	2.399148531E2	3.324078008E1
9.190000000E2	3.066427300E1	7.331099845E0	2.405914746E2	3.095322279E1
9.200000000E2	3.069764000E1	6.653736641E0	2.406680879E2	2.807501263E1
9.210000000E2	3.073100700E1	5.835064109E0	2.416337990E2	2.469367735E1
9.220000000E2	3.076437400E1	4.977316632E0	2.414065103E2	2.102403204E1
9.230000000E2	3.079774100E1	4.023377695E0	2.423675438E2	1.704736631E1
9.240000000E2	3.083110800E1	3.067218208E0	2.422363585E2	1.298005442E1
9.250000000E2	3.086447500E1	1.893448005E0	2.424950438E2	8.016628449E0
9.260000000E2	3.089784200E1	8.866562241E-1	2.423622993E2	3.750873076E0
9.270000000E2	3.093120900E1	-2.802962391E-1	2.424777761E2	-1.186233113E0
9.280000000E2	3.096457600E1	-1.269766831E0	2.427866849E2	-5.381425325E0
9.290000000E2	3.099794300E1	-2.371080995E0	2.425516002E2	-1.004328807E1
9.300000000E2	3.103131000E1	-3.496161906E0	2.423157360E2	-1.480437257E1
9.310000000E2	3.106467700E1	-4.342069673E0	2.419900052E2	-1.837401654E1
9.320000000E2	3.109804400E1	-5.188357645E0	2.416642744E2	-2.194366051E1
9.330000000E2	3.113141100E1	-5.899183343E0	2.411447777E2	-2.491641482E1
9.340000000E2	3.116477800E1	-6.797853904E0	2.406190442E2	-2.868294307E1
9.350000000E2	3.119814500E1	-7.222744905E0	2.404065679E2	-3.046737526E1
9.360000000E2	3.123151200E1	-7.911476640E0	2.406808452E2	-3.344636636E1
9.370000000E2	3.126487900E1	-8.115700180E0	2.400792779E2	-3.423546272E1
9.380000000E2	3.129824600E1	-8.235011416E0	2.399761582E2	-3.473079184E1
9.390000000E2	3.133161300E1	-8.387849399E0	2.402683662E2	-3.542768284E1
9.400000000E2	3.136498000E1	-8.231836827E0	2.400753799E2	-3.473157143E1
9.410000000E2	3.139834700E1	-8.039794083E0	2.402800602E2	-3.393935668E1
9.420000000E2	3.143171400E1	-7.725812628E0	2.406870820E2	-3.265259241E1
9.430000000E2	3.146508100E1	-7.403368409E0	2.405987746E2	-3.126270841E1
9.440000000E2	3.149844800E1	-6.839263250E0	2.408159285E2	-2.888294576E1
9.450000000E2	3.153181500E1	-6.225830676E0	2.411338633E2	-2.630551923E1
9.460000000E2	3.156518200E1	-5.303099037E0	2.417595981E2	-2.244054882E1
9.470000000E2	3.159854900E1	-4.721080522E0	2.416798664E2	-1.995922563E1
9.480000000E2	3.163191600E1	-3.588411967E0	2.424118393E2	-1.520203914E1
9.490000000E2	3.166528300E1	-2.672574827E0	2.428391307E2	-1.133550954E1
9.500000000E2	3.169865000E1	-1.621332221E0	2.426757691E2	-6.868971879E0
9.510000000E2	3.173201700E1	-8.018470972E-1	2.426038334E2	-3.395431256E0
9.520000000E2	3.176538400E1	3.228415275E-1	2.426412541E2	1.367212434E0
9.530000000E2	3.179875100E1	1.426596032E0	2.422810083E2	6.033752776E0
9.540000000E2	3.183211800E1	2.224415773E0	2.422082929E2	9.408071656E0
9.550000000E2	3.186548500E1	3.226423375E0	2.425394809E2	1.367226783E1
9.560000000E2	3.189885200E1	4.145621065E0	2.420737766E2	1.754581382E1
9.570000000E2	3.193221900E1	4.968454624E0	2.418033973E2	2.102091365E1
9.580000000E2	3.196558600E1	5.749570444E0	2.413330154E2	2.429912918E1
9.590000000E2	3.199895300E1	6.427227966E0	2.412564020E2	2.717733934E1
9.600000000E2	3.203232000E1	7.049204206E0	2.406813411E2	2.976178227E1
9.610000000E2	3.206568700E1	7.420754322E0	2.406938147E2	3.134933016E1
9.620000000E2	3.209905400E1	7.702301286E0	2.406039482E2	3.254077069E1
9.630000000E2	3.213242100E1	7.997439771E0	2.401171946E2	3.373532960E1
9.640000000E2	3.216578800E1	8.113364594E0	2.401210926E2	3.423143832E1
9.650000000E2	3.219915500E1	8.186404804E0	2.400242097E2	3.452988315E1
9.660000000E2	3.223252200E1	7.874653855E0	2.403117401E2	3.323766169E1
9.670000000E2	3.226588900E1	7.612849334E0	2.405016080E2	3.214466331E1
9.680000000E2	3.229925600E1	7.191727972E0	2.405867970E2	3.035789233E1
9.690000000E2	3.233262300E1	6.639257619E0	2.411641967E2	2.807111463E1
9.700000000E2	3.236599000E1	6.031685500E0	2.412431488E2	2.549056970E1
9.710000000E2	3.239935700E1	5.343678002E0	2.417166492E2	2.260924114E1
9.720000000E2	3.243272400E1	4.569735365E0	2.418893659E2	1.933336441E1
9.730000000E2	3.246609100E1	3.796961519E0	2.419628609E2	1.605826727E1
9.740000000E2	3.249945800E1	2.951635919E0	2.421332388E2	1.248472530E1
9.750000000E2	3.253282500E1	1.989084227E0	2.422997187E2	8.415074621E0
9.760000000E2	3.256619200E1	1.002107721E0	2.426638625E2	4.244642996E0
9.770000000E2	3.259955900E1	1.911576377E-1	2.429101437E2	8.104314476E-1
9.780000000E2	3.263292600E1	-9.190014609E-1	2.425999354E2	-3.891539974E0
9.790000000E2	3.266629300E1	-1.692076111E0	2.425742086E2	-7.165857511E0
9.800000000E2	3.269966000E1	-2.840033680E0	2.424367865E2	-1.202694335E1
9.810000000E2	3.273302700E1	-3.627349844E0	2.412203988E2	-1.529190569E1
9.820000000E2	3.276639400E1	-4.438805497E0	2.417884433E2	-1.876934431E1
9.830000000E2	3.279976100E1	-5.184490255E0	2.418627179E2	-2.194521970E1
9.840000000E2	3.283312800E1	-5.729250339E0	2.414479001E2	-2.422420141E1
9.850000000E2	3.286649500E1	-6.440510955E0	2.409284034E2	-2.719695572E1
9.860000000E2	3.289986200E1	-6.857325307E0	2.410135924E2	-2.898372670E1
9.870000000E2	3.293322900E1	-7.147371721E0	2.406073502E2	-3.017126923E1
9.880000000E2	3.296659600E1	-7.400532888E0	2.406979964E2	-3.126348801E1
9.890000000E2	3.299996300E1	-7.420939834E0	2.407964385E2	-3.136348935E1
9.900000000E2	3.303333000E1	-7.348400097E0	2.408979991E2	-3.106660372E1
9.910000000E2	3.306669700E1	-7.307512130E0	2.407011148E2	-3.086660103E1
9.920000000E2	3.310006400E1	-7.020187619E0	2.410081352E2	-2.967827891E1
9.930000000E2	3.313343100E1	-6.575391863E0	2.411221693E2	-2.779384538E1
9.940000000E2	3.316679800E1	-6.064846508E0	2.410400988E2	-2.561018742E1
9.950000000E2	3.320016500E1	-5.423793916E0	2.415572566E2	-2.293509834E1
9.960000000E2	3.323353200E1	-4.857723630E0	2.418736323E2	-2.055611529E1
9.970000000E2	3.326689900E1	-4.219033851E0	2.423907902E2	-1.788102621E1
9.980000000E2	3.330026600E1	-3.493675173E0	2.425141795E2	-1.480593176E1
9.990000000E2	3.333363300E1	-2.578227853E0	2.429414708E2	-1.093940216E1
1.000000000E3	3.336700000E1	-1.596046076E0	2.430734357E2	-6.772868532E0
1.001000000E3	3.340036700E1	-8.717952832E-1	2.427999381E2	-3.694655685E0
1.002000000E3	3.343373400E1	-3.014634079E-2	2.435225558E2	-1.281301118E-1
1.003000000E3	3.346710100E1	9.324196942E-1	2.425623020E2	3.947757365E0
1.004000000E3	3.350046800E1	1.871934372E0	2.422958207E2	7.918965904E0
1.005000000E3	3.353383500E1	2.737015801E0	2.424238876E2	1.158939082E1
1.006000000E3	3.356720200E1	3.606558462E0	2.421550675E2	1.526293412E1
1.007000000E3	3.360056900E1	4.168968786E0	2.420745562E2	1.764503557E1
1.008000000E3	3.363393600E1	4.964034432E0	2.420018408E2	2.101935445E1
1.009000000E3	3.366730300E1	5.672155641E0	2.416283418E2	2.399912515E1
1.010000000E3	3.370067000E1	6.078252865E0	2.412447080E2	2.568901319E1
1.011000000E3	3.373403700E1	6.458925328E0	2.409595164E2	2.727889988E1
1.012000000E3	3.376740400E1	6.784531327E0	2.409704308E2	2.866800429E1
1.013000000E3	3.380077100E1	7.118919150E0	2.406836799E2	3.005944750E1
1.014000000E3	3.383413800E1	7.241332906E0	2.404891344E2	3.055711541E1
1.015000000E3	3.386750500E1	7.165383271E0	2.406852391E2	3.025789098E1
1.016000000E3	3.390087200E1	6.836951211E0	2.407735465E2	2.886800698E1
1.017000000E3	3.393423900E1	6.647937977E0	2.408665314E2	2.807345343E1
1.018000000E3	3.396760600E1	6.549146043E0	2.410618565E2	2.767500726E1
1.019000000E3	3.400097300E1	6.060284495E0	2.410454849E2	2.559135064E1
1.020000000E3	3.403434000E1	5.516451331E0	2.413252194E2	2.330691174E1
1.021000000E3	3.406770700E1	4.828511523E0	2.417987197E2	2.042558318E1
1.022000000E3	3.410107400E1	4.209950984E0	2.423737806E2	1.784114026E1
1.023000000E3	3.413444100E1	3.558173492E0	2.422527301E2	1.506371104E1
1.024000000E3	3.416780800E1	2.691520847E0	2.423231067E2	1.139172693E1
1.025000000E3	3.420117500E1	1.915892328E0	2.425950451E2	8.115070593E0
1.026000000E3	3.423454200E1	1.095771879E0	2.426669809E2	4.641529970E0
1.027000000E3	3.426790900E1	2.519826892E-1	2.428373588E2	1.067988005E0
1.028000000E3	3.430127600E1	-4.503701990E-1	2.427147491E2	-1.907884702E0
1.029000000E3	3.433464300E1	-1.503833263E0	2.427788889E2	-6.373642761E0
1.030000000E3	3.436801000E1	-2.323502629E0	2.426523812E2	-9.845624186E0
1.031000000E3	3.440137700E1	-2.909227933E0	2.425336694E2	-1.232538817E1
1.032000000E3	3.443474400E1	-3.778066163E0	2.422071590E2	-1.599425389E1
1.033000000E3	3.446811100E1	-4.292183731E0	2.421900079E2	-1.817713225E1
1.034000000E3	3.450147800E1	-4.999660238E0	2.417697329E2	-2.115066616E1
1.035000000E3	3.453484500E1	-5.441020160E0	2.418541423E2	-2.303665888E1
1.036000000E3	3.456821200E1	-5.860359421E0	2.418401095E2	-2.482265027E1
1.037000000E3	3.460157900E1	-6.148883021E0	2.414338673E2	-2.601019279E1
1.038000000E3	3.463494600E1	-6.339995730E0	2.412291871E2	-2.680240754E1
1.039000000E3	3.466831300E1	-6.526330039E0	2.412229503E2	-2.759618149E1
1.040000000E3	3.470168000E1	-6.314301808E0	2.413291884E2	-2.670396540E1
1.041000000E3	3.473504700E1	-6.174513470E0	2.413338660E2	-2.610863494E1
1.042000000E3	3.476841400E1	-5.941381685E0	2.413416620E2	-2.511641750E1
1.043000000E3	3.480178100E1	-5.680452699E0	2.415486811E2	-2.402653752E1
1.044000000E3	3.483514800E1	-5.419734581E0	2.417557001E2	-2.293665754E1
1.045000000E3	3.486851500E1	-4.925942483E0	2.419705152E2	-2.085456012E1
1.046000000E3	3.490188200E1	-4.245470118E0	2.421915671E2	-1.797868876E1
1.047000000E3	3.493524900E1	-3.681889175E0	2.424087209E2	-1.559892611E1
1.048000000E3	3.496861600E1	-3.127347331E0	2.418321009E2	-1.321292667E1
1.049000000E3	3.500198300E1	-2.373438884E0	2.422539350E2	-1.004094928E1
1.050000000E3	3.503535000E1	-1.670151172E0	2.422773230E2	-7.064296970E0
1.051000000E3	3.506871700E1	-9.660731388E-1	2.424991544E2	-4.089203862E0
1.052000000E3	3.510208400E1	-7.592146178E-2	2.429256662E2	-3.218960040E-1
1.053000000E3	3.513545100E1	6.273784425E-1	2.426513889E2	2.657095100E0
1.054000000E3	3.516881800E1	1.586529287E0	2.427825742E2	6.724406986E0
1.055000000E3	3.520218500E1	2.172190296E0	2.427028425E2	9.205730173E0
1.056000000E3	3.523555200E1	2.972242847E0	2.423324619E2	1.258238785E1
1.057000000E3	3.526891900E1	3.628263544E0	2.422550689E2	1.536137627E1
1.058000000E3	3.530228600E1	4.250827818E0	2.426730050E2	1.803724495E1
1.059000000E3	3.533565300E1	4.648503524E0	2.425870365E2	1.972479419E1
1.060000000E3	3.536902000E1	5.038401971E0	2.418057361E2	2.131857888E1
1.061000000E3	3.540238700E1	5.374103984E0	2.414197635E2	2.271080168E1
1.062000000E3	3.543575400E1	5.871213585E0	2.411384699E2	2.479679709E1
1.063000000E3	3.546912100E1	5.928109042E0	2.416369174E2	2.509056433E1
1.064000000E3	3.550248800E1	6.116772480E0	2.415439325E2	2.588511788E1
1.065000000E3	3.553585500E1	6.047015088E0	2.415415937E2	2.558745265E1
1.066000000E3	3.556922200E1	5.907442452E0	2.415369161E2	2.499212218E1
1.067000000E3	3.560258900E1	5.672155641E0	2.416283418E2	2.399912515E1
1.068000000E3	3.563595600E1	5.504288578E0	2.418213281E2	2.330301375E1
1.069000000E3	3.566932300E1	5.245821113E0	2.419119743E2	2.221079497E1
1.070000000E3	3.570269000E1	4.747901971E0	2.422924896E2	2.012401996E1
1.071000000E3	3.573605700E1	4.334312569E0	2.419807916E2	1.834036737E1
1.072000000E3	3.576942400E1	3.985768836E0	2.418698759E2	1.685282082E1
1.073000000E3	3.580279100E1	3.084829421E0	2.426340251E2	1.307615777E1
1.074000000E3	3.583615800E1	2.409478307E0	2.424129732E2	1.020028641E1
1.075000000E3	3.586952500E1	1.682708798E0	2.424880274E2	7.123632757E0
1.076000000E3	3.590289200E1	1.050167420E0	2.424669782E2	4.444645682E0
1.077000000E3	3.593625900E1	2.759853863E-1	2.426396949E2	1.168768946E0
1.078000000E3	3.596962600E1	-4.971767636E-1	2.429116334E2	-2.107887388E0
1.079000000E3	3.600299300E1	-1.106439881E0	2.425936986E2	-4.685313922E0
1.080000000E3	3.603636000E1	-1.786303243E0	2.424718685E2	-7.561964886E0
1.081000000E3	3.606972700E1	-2.419500724E0	2.423515975E2	-1.024017236E1
1.082000000E3	3.610309400E1	-3.147481047E0	2.421289865E2	-1.331448721E1
1.083000000E3	3.613646100E1	-3.684530137E0	2.422102774E2	-1.559736691E1
1.084000000E3	3.616982800E1	-4.153539989E0	2.420954637E2	-1.758102219E1
1.085000000E3	3.620319500E1	-4.554039569E0	2.418837670E2	-1.926623263E1
1.086000000E3	3.623656200E1	-4.970768826E0	2.420681777E2	-2.105378321E1
1.087000000E3	3.626992900E1	-5.254472261E0	2.418603791E2	-2.224288493E1
1.088000000E3	3.630329600E1	-5.443056767E0	2.417549205E2	-2.303587928E1
1.089000000E3	3.633666300E1	-5.491753265E0	2.416541396E2	-2.323354317E1
1.090000000E3	3.637003000E1	-5.377106872E0	2.415588158E2	-2.273665485E1
1.091000000E3	3.640339700E1	-5.283713165E0	2.415619342E2	-2.233976788E1
1.092000000E3	3.643676400E1	-5.114494088E0	2.418650567E2	-2.164755447E1
1.093000000E3	3.647013100E1	-4.877458201E0	2.420712961E2	-2.065689624E1
1.094000000E3	3.650349800E1	-4.547343588E0	2.422806540E2	-1.926935102E1
1.095000000E3	3.653686500E1	-4.240827247E0	2.424892323E2	-1.798102756E1
1.096000000E3	3.657023200E1	-3.817948461E0	2.427017086E2	-1.619659537E1
1.097000000E3	3.660359900E1	-3.450615635E0	2.422180734E2	-1.460514948E1
1.098000000E3	3.663696600E1	-3.052735278E0	2.422313266E2	-1.291837984E1
1.099000000E3	3.667033300E1	-2.232091759E0	2.423578343E2	-9.446398414E0
1.100000000E3	3.670370000E1	-1.457845908E0	2.425820046E2	-6.173640075E0
1.101000000E3	3.673706700E1	-7.780136195E-1	2.429022782E2	-3.298548310E0
1.102000000E3	3.677043400E1	-2.395686188E-1	2.427217655E2	-1.014889011E0
1.103000000E3	3.680380100E1	3.456183942E-1	2.428404772E2	1.464874979E0
1.104000000E3	3.683716800E1	1.212840397E0	2.426708789E2	5.137638688E0
1.105000000E3	3.687053500E1	1.660152641E0	2.423880260E2	7.025190613E0
1.106000000E3	3.690390200E1	2.292454166E0	2.424090752E2	9.704177688E0
1.107000000E3	3.693726900E1	2.902077240E0	2.423301231E2	1.228472262E1
1.108000000E3	3.697063600E1	3.511440100E0	2.422511709E2	1.486526755E1
1.109000000E3	3.700400300E1	3.955185480E0	2.422659833E2	1.675048068E1
1.110000000E3	3.703737000E1	4.334312569E0	2.419807916E2	1.834036737E1
1.111000000E3	3.707073700E1	4.675942649E0	2.423893726E2	1.982557513E1
1.112000000E3	3.710410400E1	4.910870912E0	2.422979468E2	2.081857216E1
1.113000000E3	3.713747100E1	5.038401971E0	2.418057361E2	2.131857888E1
1.114000000E3	3.717083800E1	5.178247242E0	2.418104137E2	2.191390934E1
1.115000000E3	3.720420500E1	5.136198602E0	2.416104110E2	2.171702505E1
1.116000000E3	3.723757200E1	5.094074729E0	2.414104083E2	2.152014076E1
1.117000000E3	3.727093900E1	5.042885820E0	2.416072926E2	2.132013807E1
1.118000000E3	3.730430600E1	4.747901971E0	2.422924896E2	2.012401996E1
1.119000000E3	3.733767300E1	4.521024551E0	2.419870284E2	1.913414132E1
1.120000000E3	3.737104000E1	4.118540067E0	2.422714405E2	1.744503288E1
1.121000000E3	3.740440700E1	3.626598500E0	2.423542906E2	1.536059667E1
1.122000000E3	3.743777400E1	3.229427243E0	2.423410374E2	1.367382703E1
1.123000000E3	3.747114100E1	2.643453998E0	2.424207692E2	1.119250384E1
1.124000000E3	3.750450800E1	2.151995050E0	2.424043976E2	9.108847227E0
1.125000000E3	3.753787500E1	1.450041020E0	2.422817879E2	6.132974520E0
1.126000000E3	3.757124200E1	9.581513306E-1	2.421661946E2	4.050097505E0
1.127000000E3	3.760460900E1	2.984951469E-1	2.429381398E2	1.265651893E0
1.128000000E3	3.763797600E1	-3.567184728E-1	2.428170892E2	-1.511777327E0
1.129000000E3	3.767134300E1	-8.252782365E-1	2.426030538E2	-3.494653000E0
1.130000000E3	3.770471000E1	-1.480428074E0	2.427796685E2	-6.274421017E0
1.131000000E3	3.773807700E1	-2.136992682E0	2.425593962E2	-9.051070638E0
1.132000000E3	3.777144400E1	-2.465522331E0	2.424492601E2	-1.043939545E1
1.133000000E3	3.780481100E1	-3.079372543E0	2.419328818E2	-1.301526278E1
1.134000000E3	3.783817800E1	-3.403820469E0	2.422196326E2	-1.440670599E1
1.135000000E3	3.787154500E1	-3.826206737E0	2.421063781E2	-1.619191778E1
1.136000000E3	3.790491200E1	-4.014739117E0	2.420009196E2	-1.698491213E1
1.137000000E3	3.793827900E1	-4.250124359E0	2.418939018E2	-1.797634996E1
1.138000000E3	3.797164600E1	-4.292183731E0	2.421900079E2	-1.817713225E1
1.139000000E3	3.800501300E1	-4.574038634E0	2.420814309E2	-1.936701357E1
1.140000000E3	3.803838000E1	-4.550688850E0	2.420822105E2	-1.926779183E1
1.141000000E3	3.807174700E1	-4.549015537E0	2.421814323E2	-1.926857143E1
1.142000000E3	3.810511400E1	-4.245470118E0	2.421915671E2	-1.797868876E1
1.143000000E3	3.813848100E1	-4.127162626E0	2.422946868E2	-1.748335964E1
1.144000000E3	3.817184800E1	-4.057092718E0	2.422970256E2	-1.718569441E1
1.145000000E3	3.820521500E1	-3.639058679E0	2.421126149E2	-1.539814383E1
1.146000000E3	3.823858200E1	-3.193194304E0	2.422266490E2	-1.351371030E1
1.147000000E3	3.827194900E1	-2.678029368E0	2.422438002E2	-1.133083194E1
1.148000000E3	3.830531600E1	-2.278200026E0	2.424554969E2	-9.645621500E0
1.149000000E3	3.833868300E1	-1.669651983E0	2.423765447E2	-7.065076569E0
1.150000000E3	3.837205000E1	-1.293519404E0	2.426866835E2	-5.479867470E0
1.151000000E3	3.840541700E1	-5.909624902E-1	2.426108498E2	-2.502435564E0
1.152000000E3	3.843878400E1	-7.576853522E-2	2.428264444E2	-3.211164049E-1
1.153000000E3	3.847215100E1	3.693615183E-1	2.427420351E2	1.564876321E0
1.154000000E3	3.850551800E1	8.839258538E-1	2.428584080E2	3.746975080E0
1.155000000E3	3.853888500E1	1.542183559E0	2.424833498E2	6.528302296E0
1.156000000E3	3.857225200E1	1.989084227E0	2.422997187E2	8.415074621E0
1.157000000E3	3.860561900E1	2.388396173E0	2.422137501E2	1.010262386E1
1.158000000E3	3.863898600E1	2.738318698E0	2.423246659E2	1.159017041E1
1.159000000E3	3.867235300E1	3.349384571E0	2.421464920E2	1.417149494E1
1.160000000E3	3.870572000E1	3.413222235E0	2.425457177E2	1.446604178E1
1.161000000E3	3.873908700E1	3.888696858E0	2.420652010E2	1.645437465E1
1.162000000E3	3.877245400E1	4.025203532E0	2.422683221E2	1.704814591E1
1.163000000E3	3.880582100E1	4.186634657E0	2.423730010E2	1.774191851E1
1.164000000E3	3.883918800E1	4.281820256E0	2.422768977E2	1.813958509E1
1.165000000E3	3.887255500E1	4.303200748E0	2.423768990E2	1.823802723E1
1.166000000E3	3.890592200E1	4.071874806E0	2.422698813E2	1.724658940E1
1.167000000E3	3.893928900E1	4.097063861E0	2.421714391E2	1.734659074E1
1.168000000E3	3.897265600E1	3.912060986E0	2.420659806E2	1.655359639E1
1.169000000E3	3.900602300E1	3.698341371E0	2.422574077E2	1.565904150E1
1.170000000E3	3.903939000E1	3.372770508E0	2.421472716E2	1.427071669E1
1.171000000E3	3.907275700E1	2.994221558E0	2.424324632E2	1.268082999E1
1.172000000E3	3.910612400E1	2.595422143E0	2.425184318E2	1.099328076E1
1.173000000E3	3.913949100E1	2.106213678E0	2.423036167E2	8.911183339E0
1.174000000E3	3.917285800E1	1.680095446E0	2.427856926E2	7.121293960E0
1.175000000E3	3.920622500E1	1.188088516E0	2.428685428E2	5.036857746E0
1.176000000E3	3.923959200E1	7.205919884E-1	2.427537291E2	3.053202475E0
1.177000000E3	3.927295900E1	2.750956503E-1	2.429373602E2	1.166430149E0
1.178000000E3	3.930632600E1	-3.334010524E-1	2.430163123E2	-1.414114782E0
1.179000000E3	3.933969300E1	-5.906751849E-1	2.431069585E2	-2.506333560E0
1.180000000E3	3.937306000E1	-1.223265884E0	2.426890223E2	-5.182202239E0
1.181000000E3	3.940642700E1	-1.597450426E0	2.427757705E2	-6.770529735E0
1.182000000E3	3.943979400E1	-2.114260798E0	2.424609541E2	-8.951069295E0
1.183000000E3	3.947316100E1	-2.488934671E0	2.424484805E2	-1.053861719E1
1.184000000E3	3.950652800E1	-2.701454408E0	2.422430206E2	-1.143005369E1
1.185000000E3	3.953989500E1	-3.030377439E0	2.421328845E2	-1.281837850E1
1.186000000E3	3.957326200E1	-3.381619648E0	2.421211905E2	-1.430670465E1
1.187000000E3	3.960662900E1	-3.544193888E0	2.422149550E2	-1.500203645E1
1.188000000E3	3.963999600E1	-3.665084370E0	2.419133918E2	-1.549580637E1
1.189000000E3	3.967336300E1	-3.640362802E0	2.420133932E2	-1.539736423E1
1.190000000E3	3.970673000E1	-3.637755620E0	2.422118366E2	-1.539892343E1
1.191000000E3	3.974009700E1	-3.519546444E0	2.423149564E2	-1.490359431E1
1.192000000E3	3.977346400E1	-3.428435863E0	2.421196313E2	-1.450514814E1
1.193000000E3	3.980683100E1	-3.261113259E0	2.424227537E2	-1.381293473E1
1.194000000E3	3.984019800E1	-3.072930025E0	2.425282123E2	-1.301994038E1
1.195000000E3	3.987356500E1	-2.746423745E0	2.424399049E2	-1.163005637E1
1.196000000E3	3.990693200E1	-2.512346329E0	2.424477009E2	-1.063783894E1
1.197000000E3	3.994029900E1	-2.068077484E0	2.423632915E2	-8.751846209E0
1.198000000E3	3.997366600E1	-1.762874098E0	2.424726481E2	-7.462743142E0
1.199000000E3	4.000703300E1	-1.363770387E0	2.426843447E2	-5.777532700E0
1.200000000E3	4.004040000E1	-9.660731388E-1	2.424991544E2	-4.089203862E0
1.201000000E3	4.007376700E1	-4.738023611E-1	2.426147478E2	-2.006326847E0
1.202000000E3	4.010713400E1	-5.896412540E-3	2.430272267E2	-2.501037257E-2
1.203000000E3	4.014050100E1	3.218943937E-1	2.429389194E2	1.364873636E0
1.204000000E3	4.017386800E1	7.435166781E-1	2.428537304E2	3.151644619E0
1.205000000E3	4.020723500E1	1.212160940E0	2.427701006E2	5.136859089E0
1.206000000E3	4.024060200E1	1.586529287E0	2.427825742E2	6.724406986E0
1.207000000E3	4.027396900E1	1.912995064E0	2.428927104E2	8.112731796E0
1.208000000E3	4.030733600E1	2.291333318E0	2.425082970E2	9.703398089E0
1.209000000E3	4.034070300E1	2.574507993E0	2.423192087E2	1.089561821E1
1.210000000E3	4.037407000E1	2.809840016E0	2.422277829E2	1.188861524E1
1.211000000E3	4.040743700E1	2.928228338E0	2.421324592E2	1.238550356E1
1.212000000E3	4.044080400E1	3.184161952E0	2.422402565E2	1.347616314E1
1.213000000E3	4.047417100E1	3.276172398E0	2.423425966E2	1.387227052E1
1.214000000E3	4.050753800E1	3.276172398E0	2.423425966E2	1.387227052E1
1.215000000E3	4.054090500E1	3.276172398E0	2.423425966E2	1.387227052E1
1.216000000E3	4.057427200E1	3.227924697E0	2.424402592E2	1.367304743E1
1.217000000E3	4.060763900E1	3.087717021E0	2.424355816E2	1.307771697E1
1.218000000E3	4.064100600E1	3.064344904E0	2.424348020E2	1.297849523E1
1.219000000E3	4.067437300E1	2.856646154E0	2.422293421E2	1.208705873E1
1.220000000E3	4.070774000E1	2.503080476E0	2.424160916E2	1.059717338E1
1.221000000E3	4.074110700E1	2.174333971E0	2.425043990E2	9.207289371E0
1.222000000E3	4.077447400E1	1.917827784E0	2.423966016E2	8.116629792E0
1.223000000E3	4.080784100E1	1.634165082E0	2.426849117E2	6.923630072E0
1.224000000E3	4.084120800E1	1.305767588E0	2.427732190E2	5.533746063E0
1.225000000E3	4.087457500E1	9.078806076E-1	2.427599659E2	3.846976423E0
1.226000000E3	4.090794200E1	5.801088819E-1	2.427490515E2	2.457872013E0
1.227000000E3	4.094130900E1	8.811148058E-2	2.428319016E2	3.734357999E-1
1.229000000E3	4.100804300E1	-2.866804619E-1	2.431170933E2	-1.216450894E0
1.230000000E3	4.104141000E1	-9.420296070E-1	2.427975993E2	-3.992320916E0
1.231000000E3	4.107477700E1	-1.153585092E0	2.424929176E2	-4.882977810E0
1.232000000E3	4.110814400E1	-1.504263903E0	2.426796671E2	-6.372863162E0
1.233000000E3	4.114151100E1	-1.901661312E0	2.427656357E2	-8.060412401E0
1.234000000E3	4.117487800E1	-1.971852826E0	2.427632969E2	-8.358077632E0
1.235000000E3	4.120824500E1	-2.183106821E0	2.426570588E2	-9.250293724E0
1.236000000E3	4.124161200E1	-2.370296315E0	2.426508220E2	-1.004406767E1
1.237000000E3	4.127497900E1	-2.417891210E0	2.425500410E2	-1.024173156E1
1.238000000E3	4.130834600E1	-2.607749810E0	2.422461390E2	-1.103316671E1
1.239000000E3	4.134171300E1	-2.654603584E0	2.422445798E2	-1.123161020E1
1.240000000E3	4.137508000E1	-2.607749810E0	2.422461390E2	-1.103316671E1
1.241000000E3	4.140844700E1	-2.490602882E0	2.422500370E2	-1.053705799E1
1.242000000E3	4.144181400E1	-2.490602882E0	2.422500370E2	-1.053705799E1
1.243000000E3	4.147518100E1	-2.256258794E0	2.422578330E2	-9.544840558E0
1.244000000E3	4.150854800E1	-1.997144504E0	2.424648521E2	-8.454960578E0
1.245000000E3	4.154191500E1	-1.809176135E0	2.425703106E2	-7.661966229E0
1.246000000E3	4.157528200E1	-1.785757007E0	2.425710902E2	-7.562744485E0
1.247000000E3	4.160864900E1	-1.410602863E0	2.426827855E2	-5.975976187E0
1.248000000E3	4.164201600E1	-1.199541210E0	2.427890237E2	-5.083760095E0
1.249000000E3	4.167538300E1	-1.036631556E0	2.423975939E2	-4.386089493E0
1.250000000E3	4.170875000E1	-5.673867164E-1	2.429092946E2	-2.405552618E0
1.251000000E3	4.174211700E1	-2.607357128E-1	2.426450923E2	-1.104211835E0
1.252000000E3	4.177548400E1	5.357140150E-2	2.429055605E2	2.271161194E-1
1.253000000E3	4.180885100E1	3.290037658E-1	2.428313961E2	1.394401517E0
1.254000000E3	4.184221800E1	5.813736957E-1	2.424513862E2	2.460210811E0
1.255000000E3	4.187558500E1	9.329853715E-1	2.424630802E2	3.948536964E0
1.256000000E3	4.190895200E1	1.307922363E0	2.424755538E2	5.536084860E0
1.257000000E3	4.194231900E1	1.379704178E0	2.422794491E2	5.835309289E0
1.258000000E3	4.197568600E1	1.776378135E0	2.424911458E2	7.520519731E0
1.259000000E3	4.200905300E1	1.777288921E0	2.423919240E2	7.521299330E0
1.260000000E3	4.204242000E1	2.104123785E0	2.425020602E2	8.909624141E0
1.261000000E3	4.207578700E1	2.129637034E0	2.423043963E2	9.010405083E0
1.262000000E3	4.210915400E1	2.293575931E0	2.423098535E2	9.704957287E0
1.263000000E3	4.214252100E1	2.410647780E0	2.423137515E2	1.020106601E1
1.264000000E3	4.217588800E1	2.410647780E0	2.423137515E2	1.020106601E1
1.265000000E3	4.220925500E1	2.316992167E0	2.423106331E2	9.804179031E0
1.266000000E3	4.224262200E1	2.199901894E0	2.423067351E2	9.308070313E0
1.267000000E3	4.227598900E1	2.057312716E0	2.425005010E2	8.711180654E0
1.268000000E3	4.230935600E1	1.893448005E0	2.424950438E2	8.016628449E0
1.269000000E3	4.234272300E1	1.893448005E0	2.424950438E2	8.016628449E0
1.270000000E3	4.237609000E1	1.681836969E0	2.425872491E2	7.122853158E0
1.271000000E3	4.240945700E1	1.541369074E0	2.425825715E2	6.527522697E0
1.272000000E3	4.244282400E1	1.424294126E0	2.425786735E2	6.031413979E0
1.273000000E3	4.247619100E1	1.120470686E0	2.424693170E2	4.742310912E0
1.274000000E3	4.250955800E1	8.392313522E-1	2.424599618E2	3.551649990E0
1.275000000E3	4.254292500E1	6.273784425E-1	2.426513889E2	2.657095100E0
1.276000000E3	4.257629200E1	2.309340080E-1	2.427447916E2	9.784024529E-1
1.277000000E3	4.260965900E1	1.719297070E-1	2.427428274E2	7.284101694E-1
1.278000000E3	4.264302600E1	-1.626466690E-1	2.428983583E2	-6.895222535E-1
1.279000000E3	4.267639300E1	-4.378316380E-1	2.426391997E2	-1.854188686E0
1.280000000E3	4.270976000E1	-5.674346142E-1	2.428100728E2	-2.404773019E0
1.281000000E3	4.274312700E1	-8.490354841E-1	2.424038307E2	-3.592315545E0
1.282000000E3	4.277649400E1	-9.426332851E-1	2.424999340E2	-3.989982118E0
1.283000000E3	4.280986100E1	-1.247661908E0	2.423905775E2	-5.279085185E0
1.284000000E3	4.284322800E1	-1.340717684E0	2.425859026E2	-5.677531358E0
1.285000000E3	4.287659500E1	-1.528559783E0	2.424804441E2	-6.470525707E0
1.286000000E3	4.290996200E1	-1.693092420E0	2.423757651E2	-7.164298313E0
1.287000000E3	4.294332900E1	-1.669651983E0	2.423765447E2	-7.065076569E0
1.288000000E3	4.297669600E1	-1.669651983E0	2.423765447E2	-7.065076569E0
1.289000000E3	4.301006300E1	-1.669651983E0	2.423765447E2	-7.065076569E0
1.290000000E3	4.304343000E1	-1.716532440E0	2.423749855E2	-7.263520056E0
1.291000000E3	4.307679700E1	-1.505126238E0	2.424812237E2	-6.371303963E0
1.292000000E3	4.311016400E1	-1.458258097E0	2.424827829E2	-6.172860476E0
1.293000000E3	4.314353100E1	-1.270437114E0	2.425882414E2	-5.379866127E0
1.294000000E3	4.317689800E1	-1.153585092E0	2.424929176E2	-4.882977810E0
1.295000000E3	4.321026500E1	-1.036631556E0	2.423975939E2	-4.386089493E0
1.296000000E3	4.324363200E1	-9.190014609E-1	2.425999354E2	-3.891539974E0
1.297000000E3	4.327699900E1	-8.252782365E-1	2.426030538E2	-3.494653000E0
1.298000000E3	4.331036600E1	-5.675305272E-1	2.426116294E2	-2.403213821E0
1.300000000E3	4.337710000E1	-3.392161313E-1	2.421424888E2	-1.433606431E0
1.301000000E3	4.341046700E1	-8.364340720E-2	2.426509850E2	-3.542349844E-1
1.302000000E3	4.344383400E1	2.700221846E-1	2.428294319E2	1.144409234E0
1.303000000E3	4.347720100E1	3.090828707E-1	2.429140721E2	1.310416015E0
1.304000000E3	4.351056800E1	3.492125579E-1	2.426653893E2	1.479041761E0
1.305000000E3	4.354393500E1	6.060393374E-1	2.424239087E2	2.564305881E0
1.306000000E3	4.357730200E1	9.224754448E-1	2.421843923E2	3.899562284E0
1.307000000E3	4.361066900E1	9.018383371E-1	2.423503990E2	3.814922040E0
1.308000000E3	4.364403600E1	1.098224349E0	2.424402772E2	4.647574910E0
1.309000000E3	4.367740300E1	1.295638258E0	2.423634939E2	5.481537264E0
1.310000000E3	4.371077000E1	1.394063918E0	2.423667676E2	5.898191070E0
1.311000000E3	4.374413700E1	1.355315439E0	2.422821273E2	5.732184289E0
1.312000000E3	4.377750400E1	1.354694928E0	2.423654581E2	5.731529547E0
1.313000000E3	4.381087100E1	1.335623543E0	2.422814726E2	5.648853527E0
1.314000000E3	4.384423800E1	1.393430326E0	2.424500983E2	5.897536328E0
1.315000000E3	4.387760500E1	1.335009792E0	2.423648033E2	5.648198786E0
1.316000000E3	4.391097200E1	1.314717658E0	2.424474794E2	5.564213283E0
1.317000000E3	4.394433900E1	1.275951871E0	2.423628391E2	5.398206503E0
1.318000000E3	4.397770600E1	1.118985860E0	2.422742704E2	4.732215155E0
1.319000000E3	4.401107300E1	9.604324588E-1	2.424356940E2	4.064259582E0
1.320000000E3	4.404444000E1	9.018383371E-1	2.423503990E2	3.814922040E0
1.321000000E3	4.407780700E1	7.434597424E-1	2.425118226E2	3.146966468E0
1.322000000E3	4.411117400E1	6.848013050E-1	2.424265276E2	2.897628926E0
1.323000000E3	4.414454100E1	4.488127333E-1	2.423353400E2	1.898314533E0
1.324000000E3	4.417790800E1	4.291130078E-1	2.423346852E2	1.814983772E0
1.325000000E3	4.421127500E1	1.931438613E-1	2.421601668E2	8.163241208E-1
1.326000000E3	4.424464200E1	1.530896870E-1	2.424088496E2	6.476983741E-1
1.327000000E3	4.427800900E1	-6.423193753E-2	2.428183013E2	-2.722137062E-1
1.328000000E3	4.431137600E1	-1.821194307E-1	2.427310421E2	-7.715435318E-1
1.329000000E3	4.434474300E1	-3.195880652E-1	2.423098051E2	-1.351585153E0
1.330000000E3	4.437811000E1	-4.575267212E-1	2.420552296E2	-1.932936257E0
1.332000000E3	4.444484400E1	-5.363369502E-1	2.423026029E2	-2.268223526E0
1.333000000E3	4.447821100E1	-5.757457552E-1	2.423012934E2	-2.434885048E0
1.334000000E3	4.451157800E1	-6.937200366E-1	2.425473573E2	-2.936833839E0
1.335000000E3	4.454494500E1	-7.726763426E-1	2.423780768E2	-3.268847401E0
1.336000000E3	4.457831200E1	-7.528751686E-1	2.424620623E2	-3.186171381E0
1.337000000E3	4.461167900E1	-8.120703285E-1	2.423767673E2	-3.435508924E0
1.338000000E3	4.464504600E1	-7.331847565E-1	2.424627170E2	-3.102840620E0
1.339000000E3	4.467841300E1	-7.333794141E-1	2.422960555E2	-3.101531137E0
1.340000000E3	4.471178000E1	-6.543523152E-1	2.425486667E2	-2.770172317E0
1.341000000E3	4.474514700E1	-6.346050177E-1	2.426326522E2	-2.687496297E0
1.342000000E3	4.477851400E1	-4.378358745E-1	2.427225304E2	-1.854843427E0
1.343000000E3	4.481188100E1	-3.395207699E-1	2.428091349E2	-1.438844363E0
1.344000000E3	4.484524800E1	-3.001931846E-1	2.428104444E2	-1.272182840E0
1.345000000E3	4.487861500E1	-1.822114249E-1	2.428143728E2	-7.721982733E-1
1.346000000E3	4.491198200E1	-2.490611962E-2	2.428196108E2	-1.055521839E-1
1.347000000E3	4.494534900E1	-2.014481167E-1	2.423970643E2	-8.522553271E-1
1.348000000E3	4.497871600E1	-4.325309431E-3	2.423202809E2	-1.829297389E-2
1.349000000E3	4.501208300E1	1.140863296E-1	2.422408786E2	4.823463346E-1
1.350000000E3	4.504545000E1	1.518479699E-1	2.429088342E2	6.437699253E-1
1.351000000E3	4.507881700E1	2.304667018E-1	2.429114532E2	9.770929700E-1
1.352000000E3	4.511218400E1	3.098650438E-1	2.426640798E2	1.312380239E0
1.353000000E3	4.514555100E1	3.287364777E-1	2.429147269E2	1.393746776E0
1.354000000E3	4.517891800E1	3.683239102E-1	2.428327056E2	1.561063040E0
1.355000000E3	4.521228500E1	4.273026696E-1	2.428346698E2	1.811055323E0
1.356000000E3	4.524565200E1	4.469618490E-1	2.428353245E2	1.894386084E0
1.357000000E3	4.527901900E1	5.452544845E-1	2.428385983E2	2.311039890E0
1.358000000E3	4.531238600E1	5.452544845E-1	2.428385983E2	2.311039890E0
1.359000000E3	4.534575300E1	4.666208171E-1	2.428359793E2	1.977716846E0
1.360000000E3	4.537912000E1	4.666208171E-1	2.428359793E2	1.977716846E0
1.361000000E3	4.541248700E1	5.059381011E-1	2.428372888E2	2.144378368E0
